course: 4
[1, 1.010000]
[2, 1.304118]
[1, 1.598235]
[2, 1.892353]
[1, 2.186471]
[2, 2.480588]
[1, 2.774706]
[1, 2.921765]
[2, 3.068824]
[1, 3.362941]
[2, 3.657059]
[1, 3.951176]
[2, 4.245294]
[1, 4.539412]
[2, 4.833529]
[1, 5.127647]
[1, 5.274706]
[2, 5.421765]
[1, 5.715882]
[2, 6.010000]
[1, 6.304118]
[2, 6.598235]
[1, 6.892353]
[2, 7.186471]
[1, 7.480588]
[1, 7.627647]
[2, 7.774706]
[1, 8.068824]
[2, 8.362941]
[1, 8.657059]
[2, 8.951176]
[1, 9.245294]
[2, 9.539412]
[1, 9.833529]
[1, 9.980588]
[2, 10.127647]
[1, 10.421765]
[2, 10.568824]
[1, 10.715882]
[2, 10.862941]
[1, 11.010000]
[2, 11.157059]
[1, 11.304118]
[2, 11.451176]
[1, 11.598235]
[2, 11.745294]
[1, 11.892353]
[2, 12.039412]
[1, 12.186471]
[2, 12.333529]
[1, 12.480588]
[2, 12.627647]
[1, 12.774706]
[1, 12.921765]
[1, 13.068824]
[1, 13.215882]
[1, 13.362941]
[1, 13.510000]
[1, 13.657059]
[1, 13.804118]
[2, 13.951176]
[2, 14.024706]
[2, 14.098235]
[2, 14.171765]
[1, 14.245294]
[1, 14.318824]
[2, 14.392353]
[2, 14.465882]
[1, 14.539412]
[1, 14.612941]
[1, 14.686471]
[1, 14.760000]
[1, 14.833529]
[1, 14.907059]
[1, 14.980588]
[1, 15.054118]
[1, 15.127647]
[3, 16.598235]
[2, 16.892353]
[2, 17.039412]
[1, 17.186471]
[2, 17.333529]
[1, 17.480588]
[2, 17.627647]
[1, 17.774706]
[2, 17.921765]
[2, 18.068824]
[2, 18.215882]
[1, 18.362941]
[2, 18.510000]
[1, 18.657059]
[2, 18.804118]
[1, 18.951176]
[2, 19.098235]
[2, 19.245294]
[1, 19.392353]
[2, 19.539412]
[2, 19.686471]
[2, 19.833529]
[1, 19.980588]
[3, 20.127647]
[2, 20.274706]
[1, 20.421765]
[2, 20.568824]
[1, 20.715882]
[2, 20.862941]
[2, 21.010000]
[1, 21.157059]
[2, 21.304118]
[1, 21.451176]
[2, 21.598235]
[1, 21.745294]
[2, 21.892353]
[1, 22.039412]
[2, 22.186471]
[1, 22.333529]
[2, 22.480588]
[2, 22.627647]
[2, 22.774706]
[1, 22.921765]
[2, 23.068824]
[1, 23.215882]
[2, 23.362941]
[1, 23.510000]
[3, 23.657059]
[2, 23.804118]
[1, 23.951176]
[2, 24.098235]
[1, 24.245294]
[2, 24.392353]
[1, 24.539412]
[2, 24.686471]
[2, 24.833529]
[2, 24.980588]
[1, 25.127647]
[2, 25.274706]
[1, 25.421765]
[2, 25.568824]
[1, 25.715882]
[2, 25.862941]
[2, 26.010000]
[2, 26.157059]
[1, 26.304118]
[2, 26.451176]
[1, 26.598235]
[2, 26.745294]
[1, 26.892353]
[2, 27.039412]
[3, 27.186471]
[2, 27.333529]
[1, 27.480588]
[2, 27.627647]
[2, 27.774706]
[2, 27.921765]
[1, 28.068824]
[2, 28.215882]
[1, 28.362941]
[2, 28.510000]
[1, 28.657059]
[2, 28.804118]
[3, 28.951176]
[2, 29.098235]
[2, 29.245294]
[2, 29.392353]
[2, 29.539412]
[2, 29.686471]
[1, 29.833529]
[2, 29.980588]
[1, 30.127647]
[2, 30.274706]
[1, 30.421765]
[2, 30.568824]
[1, 30.715882]
[2, 30.862941]
[2, 31.010000]
[2, 31.157059]
[3, 31.304118]
[2, 31.451176]
[1, 31.598235]
[2, 31.745294]
[1, 31.892353]
[2, 32.039412]
[1, 32.186471]
[2, 32.333529]
[1, 32.480588]
[2, 32.627647]
[1, 32.774706]
[2, 32.921765]
[1, 33.068824]
[2, 33.215882]
[1, 33.362941]
[2, 33.510000]
[1, 33.657059]
[2, 33.804118]
[1, 33.951176]
[2, 34.098235]
[1, 34.245294]
[1, 34.318824]
[2, 34.392353]
[2, 34.465882]
[1, 34.539412]
[2, 34.612941]
[2, 34.686471]
[2, 34.760000]
[2, 34.833529]
[1, 34.907059]
[1, 34.980588]
[1, 35.054118]
[2, 35.127647]
[1, 35.201176]
[1, 35.274706]
[2, 35.348235]
[1, 35.421765]
[1, 35.495294]
[1, 35.568824]
[1, 35.642353]
[1, 35.715882]
[1, 35.789412]
[1, 35.862941]
[1, 35.936471]
[2, 36.010000]
[1, 36.083529]
[1, 36.157059]
[1, 36.230588]
[1, 36.304118]
[1, 36.377647]
[1, 36.451176]
[1, 36.524706]
[1, 36.598235]
[2, 36.745294]
[2, 36.818824]
[1, 36.892353]
[2, 37.039412]
[1, 37.186471]
[2, 37.333529]
[2, 37.407059]
[2, 37.480588]
[2, 37.627647]
[1, 37.774706]
[2, 37.921765]
[2, 37.995294]
[1, 38.068824]
[2, 38.215882]
[1, 38.362941]
[2, 38.510000]
[2, 38.583529]
[2, 38.657059]
[2, 38.804118]
[1, 38.951176]
[2, 39.098235]
[2, 39.171765]
[1, 39.245294]
[2, 39.392353]
[1, 39.539412]
[2, 39.686471]
[2, 39.760000]
[1, 39.833529]
[2, 39.980588]
[1, 40.127647]
[2, 40.274706]
[2, 40.348235]
[1, 40.421765]
[2, 40.568824]
[1, 40.715882]
[2, 40.862941]
[2, 40.936471]
[2, 41.010000]
[2, 41.157059]
[2, 41.304118]
[1, 41.451176]
[1, 41.524706]
[2, 41.598235]
[1, 41.745294]
[2, 41.892353]
[1, 42.039412]
[1, 42.112941]
[2, 42.186471]
[1, 42.333529]
[2, 42.480588]
[1, 42.627647]
[1, 42.701176]
[2, 42.774706]
[1, 42.921765]
[2, 43.068824]
[1, 43.215882]
[2, 43.289412]
[2, 43.362941]
[1, 43.510000]
[2, 43.657059]
[1, 43.804118]
[1, 43.877647]
[2, 43.951176]
[1, 44.098235]
[2, 44.245294]
[1, 44.392353]
[1, 44.465882]
[2, 44.539412]
[1, 44.686471]
[2, 44.833529]
[2, 44.980588]
[2, 45.054118]
[2, 45.127647]
[2, 45.201176]
[2, 45.274706]
[2, 45.421765]
[1, 45.568824]
[1, 45.642353]
[2, 45.715882]
[2, 45.789412]
[2, 45.862941]
[2, 45.936471]
[1, 46.010000]
[2, 46.157059]
[1, 46.304118]
[2, 46.451176]
[1, 46.598235]
[2, 46.745294]
[2, 46.818824]
[1, 46.892353]
[2, 47.039412]
[1, 47.186471]
[2, 47.333529]
[1, 47.480588]
[2, 47.627647]
[1, 47.774706]
[2, 47.921765]
[2, 47.995294]
[2, 48.068824]
[2, 48.215882]
[1, 48.362941]
[2, 48.510000]
[1, 48.657059]
[2, 48.804118]
[1, 48.951176]
[2, 49.098235]
[2, 49.171765]
[1, 49.245294]
[2, 49.392353]
[1, 49.539412]
[2, 49.686471]
[1, 49.833529]
[2, 49.980588]
[1, 50.127647]
[2, 50.274706]
[2, 50.348235]
[2, 50.421765]
[2, 50.568824]
[1, 50.715882]
[1, 50.789412]
[2, 50.862941]
[2, 50.936471]
[1, 51.010000]
[2, 51.157059]
[1, 51.304118]
[2, 51.451176]
[2, 51.524706]
[1, 51.598235]
[2, 51.745294]
[1, 51.892353]
[1, 51.965882]
[2, 52.039412]
[2, 52.112941]
[1, 52.186471]
[2, 52.333529]
[1, 52.480588]
[2, 52.627647]
[2, 52.774706]
[2, 52.921765]
[2, 52.995294]
[1, 53.068824]
[2, 53.215882]
[2, 53.289412]
[2, 53.362941]
[2, 53.510000]
[1, 53.657059]
[2, 53.804118]
[2, 53.877647]
[1, 53.951176]
[2, 54.098235]
[1, 54.245294]
[2, 54.392353]
[1, 54.539412]
[2, 54.686471]
[1, 54.833529]
[2, 54.980588]
[2, 55.054118]
[1, 55.127647]
[2, 55.201176]
[1, 55.348235]
[2, 55.421765]
[2, 55.495294]
[2, 55.568824]
[2, 55.642353]
[1, 55.715882]
[1, 55.789412]
[1, 55.862941]
[1, 55.936471]
[2, 56.010000]
[2, 56.083529]
[2, 56.157059]
[2, 56.230588]
[1, 56.304118]
[1, 56.377647]
[1, 56.451176]
[1, 56.524706]
[1, 57.774706]
[1, 57.921765]
[2, 58.068824]
[2, 58.215882]
[1, 58.362941]
[1, 58.510000]
[2, 58.657059]
[2, 58.730588]
[2, 58.804118]
[1, 58.951176]
[1, 59.098235]
[2, 59.245294]
[2, 59.392353]
[1, 59.539412]
[1, 59.686471]
[2, 59.833529]
[2, 59.907059]
[2, 59.980588]
[1, 60.127647]
[1, 60.274706]
[2, 60.421765]
[2, 60.568824]
[1, 60.715882]
[1, 60.862941]
[2, 61.010000]
[2, 61.083529]
[2, 61.157059]
[1, 61.304118]
[1, 61.451176]
[2, 61.598235]
[2, 61.745294]
[1, 61.892353]
[1, 62.039412]
[2, 62.186471]
[2, 62.260000]
[2, 62.333529]
[2, 62.480588]
[2, 62.554118]
[2, 62.627647]
[1, 62.774706]
[2, 62.921765]
[2, 63.068824]
[2, 63.215882]
[1, 63.362941]
[1, 63.510000]
[2, 63.657059]
[2, 63.730588]
[2, 63.804118]
[2, 63.877647]
[1, 63.951176]
[1, 64.098235]
[2, 64.245294]
[2, 64.318824]
[2, 64.392353]
[1, 64.539412]
[1, 64.686471]
[1, 64.833529]
[1, 64.907059]
[1, 64.980588]
[1, 65.054118]
[1, 65.127647]
[1, 65.201176]
[1, 65.274706]
[1, 65.348235]
[2, 65.421765]
[2, 65.495294]
[2, 65.568824]
[2, 65.642353]
[2, 65.715882]
[2, 65.789412]
[2, 65.862941]
[2, 65.936471]
[2, 66.010000]
[2, 66.083529]
[2, 66.157059]
[2, 66.230588]
[1, 66.304118]
[1, 66.377647]
[1, 66.451176]
[1, 66.524706]
[2, 66.598235]
[2, 66.671765]
[2, 66.745294]
[2, 66.818824]
[1, 66.892353]
[1, 66.965882]
[1, 67.039412]
[1, 67.112941]
[2, 67.186471]
[1, 67.333529]
[1, 67.407059]
[1, 67.480588]
[1, 67.554118]
[2, 67.627647]
[1, 67.774706]
[1, 67.848235]
[1, 67.921765]
[1, 67.995294]
[2, 68.068824]
[1, 68.215882]
[1, 68.289412]
[1, 68.362941]
[1, 68.436471]
[2, 68.510000]
[1, 68.657059]
[1, 68.730588]
[2, 68.804118]
[2, 68.951176]
[1, 69.098235]
[1, 69.171765]
[2, 69.245294]
[1, 69.392353]
[1, 69.465882]
[2, 69.539412]
[1, 69.686471]
[1, 69.760000]
[1, 69.833529]
[1, 69.907059]
[2, 69.980588]
[1, 70.127647]
[1, 70.201176]
[1, 70.274706]
[1, 70.348235]
[2, 70.421765]
[1, 70.568824]
[1, 70.642353]
[1, 70.715882]
[1, 70.789412]
[2, 70.862941]
[1, 71.010000]
[1, 71.083529]
[2, 71.157059]
[1, 71.304118]
[1, 71.377647]
[2, 71.451176]
[2, 71.598235]
[2, 71.745294]
[2, 71.818824]
[2, 71.892353]
[1, 72.039412]
[1, 72.112941]
[1, 72.186471]
[1, 72.260000]
[2, 72.333529]
[1, 72.480588]
[1, 72.554118]
[1, 72.627647]
[1, 72.701176]
[2, 72.774706]
[1, 72.921765]
[1, 72.995294]
[1, 73.068824]
[1, 73.142353]
[2, 73.215882]
[1, 73.362941]
[1, 73.436471]
[1, 73.510000]
[1, 73.583529]
[2, 73.657059]
[1, 73.804118]
[1, 73.877647]
[2, 73.951176]
[1, 74.098235]
[1, 74.171765]
[2, 74.245294]
[1, 74.392353]
[1, 74.465882]
[1, 74.539412]
[1, 74.612941]
[2, 74.686471]
[1, 74.833529]
[1, 74.907059]
[1, 74.980588]
[1, 75.054118]
[2, 75.127647]
[1, 75.274706]
[1, 75.348235]
[2, 75.421765]
[2, 75.495294]
[1, 75.568824]
[1, 75.642353]
[2, 75.715882]
[2, 75.789412]
[1, 75.862941]
[1, 75.936471]
[2, 76.010000]
[2, 76.083529]
[2, 76.157059]
[2, 76.230588]
[1, 76.304118]
[1, 76.377647]
[1, 76.451176]
[1, 76.524706]
[2, 76.598235]
[2, 76.671765]
[1, 76.745294]
[1, 76.818824]
[2, 76.892353]
[2, 76.965882]
[1, 77.039412]
[1, 77.112941]
[1, 77.186471]
[1, 77.260000]
[1, 77.333529]
[1, 77.407059]
[1, 77.480588]
[1, 77.554118]
[1, 77.627647]
[1, 77.701176]
[4, 78.951176]
[1, 79.098235]
[1, 79.171765]
[2, 79.245294]
[1, 79.392353]
[1, 79.465882]
[1, 79.539412]
[1, 79.612941]
[2, 79.686471]
[1, 79.760000]
[1, 79.833529]
[1, 79.907059]
[2, 79.980588]
[2, 80.127647]
[1, 80.274706]
[1, 80.348235]
[2, 80.421765]
[1, 80.568824]
[1, 80.642353]
[2, 80.715882]
[1, 80.862941]
[1, 80.936471]
[1, 81.010000]
[1, 81.083529]
[2, 81.157059]
[2, 81.304118]
[1, 81.451176]
[1, 81.524706]
[2, 81.598235]
[1, 81.745294]
[1, 81.818824]
[2, 81.892353]
[1, 82.039412]
[1, 82.112941]
[1, 82.186471]
[1, 82.260000]
[2, 82.333529]
[2, 82.480588]
[1, 82.627647]
[1, 82.701176]
[2, 82.774706]
[1, 82.921765]
[1, 82.995294]
[2, 83.068824]
[1, 83.142353]
[1, 83.215882]
[1, 83.289412]
[2, 83.362941]
[1, 83.510000]
[1, 83.583529]
[2, 83.657059]
[1, 83.804118]
[1, 83.877647]
[2, 83.951176]
[1, 84.098235]
[1, 84.171765]
[2, 84.245294]
[2, 84.318824]
[1, 84.392353]
[1, 84.465882]
[2, 84.539412]
[1, 84.686471]
[1, 84.760000]
[2, 84.833529]
[1, 84.980588]
[1, 85.054118]
[2, 85.127647]
[2, 85.201176]
[1, 85.274706]
[1, 85.348235]
[2, 85.421765]
[2, 85.495294]
[1, 85.568824]
[1, 85.642353]
[2, 85.715882]
[1, 85.862941]
[1, 85.936471]
[2, 86.010000]
[1, 86.157059]
[1, 86.230588]
[2, 86.304118]
[1, 86.451176]
[1, 86.524706]
[2, 86.598235]
[2, 86.671765]
[1, 86.745294]
[1, 86.818824]
[2, 86.892353]
[1, 87.039412]
[1, 87.112941]
[2, 87.186471]
[1, 87.260000]
[2, 87.333529]
[1, 87.480588]
[1, 87.554118]
[2, 87.627647]
[1, 87.774706]
[1, 87.848235]
[2, 87.921765]
[1, 88.068824]
[1, 88.142353]
[2, 88.215882]
[2, 88.289412]
[2, 88.362941]
[1, 88.510000]
[1, 88.657059]
[1, 88.730588]
[2, 88.804118]
[1, 88.951176]
[1, 89.098235]
[1, 89.171765]
[2, 89.245294]
[1, 89.392353]
[1, 89.539412]
[1, 89.612941]
[2, 89.686471]
[1, 89.833529]
[1, 89.907059]
[1, 89.980588]
[2, 90.127647]
[1, 90.274706]
[1, 90.348235]
[2, 90.421765]
[1, 90.568824]
[1, 90.642353]
[2, 90.715882]
[1, 90.862941]
[1, 91.010000]
[1, 91.083529]
[2, 91.157059]
[1, 91.304118]
[1, 91.451176]
[1, 91.524706]
[2, 91.598235]
[1, 91.745294]
[1, 91.818824]
[1, 91.892353]
[2, 92.039412]
[2, 92.112941]
[1, 92.186471]
[1, 92.333529]
[1, 92.407059]
[2, 92.480588]
[2, 92.554118]
[1, 92.627647]
[1, 92.701176]
[2, 92.774706]
[1, 92.921765]
[1, 92.995294]
[2, 93.068824]
[1, 93.215882]
[1, 93.289412]
[2, 93.362941]
[1, 93.510000]
[1, 93.583529]
[2, 93.657059]
[1, 93.804118]
[1, 93.877647]
[2, 93.951176]
[1, 94.024706]
[2, 94.098235]
[1, 94.171765]
[1, 94.245294]
[1, 94.392353]
[1, 94.465882]
[2, 94.539412]
[1, 94.686471]
[1, 94.760000]
[2, 94.833529]
[1, 94.907059]
[1, 94.980588]
[1, 95.054118]
[2, 95.127647]
[1, 95.201176]
[2, 95.274706]
[1, 95.348235]
[1, 95.421765]
[1, 95.568824]
[1, 95.642353]
[2, 95.715882]
[1, 95.862941]
[1, 95.936471]
[2, 96.010000]
[1, 96.157059]
[1, 96.230588]
[2, 96.304118]
[1, 96.377647]
[2, 96.451176]
[1, 96.524706]
[1, 96.598235]
[1, 96.671765]
[1, 96.745294]
[1, 96.818824]
[2, 96.892353]
[1, 97.039412]
[1, 97.112941]
[2, 97.186471]
[1, 97.333529]
[1, 97.407059]
[2, 97.480588]
[1, 97.554118]
[2, 97.627647]
[1, 97.701176]
[1, 97.774706]
[1, 97.921765]
[1, 97.995294]
[2, 98.068824]
[1, 98.215882]
[1, 98.289412]
[2, 98.362941]
[1, 98.510000]
[1, 98.583529]
[2, 98.657059]
[1, 98.730588]
[2, 98.804118]
[1, 98.877647]
[1, 98.951176]
[1, 99.098235]
[1, 99.171765]
[2, 99.245294]
[1, 99.392353]
[2, 99.539412]
[1, 99.612941]
[1, 99.686471]
[2, 99.833529]
[2, 99.980588]
[1, 100.127647]
[1, 100.201176]
[1, 100.274706]
[1, 100.348235]
[2, 100.421765]
[1, 100.568824]
[1, 100.642353]
[2, 100.715882]
[1, 100.862941]
[1, 100.936471]
[2, 101.010000]
[1, 101.157059]
[1, 101.230588]
[2, 101.304118]
[1, 101.451176]
[1, 101.524706]
[1, 101.598235]
[1, 101.671765]
[1, 101.745294]
[1, 101.818824]
[2, 101.892353]
[2, 101.965882]
[1, 102.039412]
[1, 102.112941]
[2, 102.186471]
[2, 102.260000]
[1, 102.333529]
[1, 102.407059]
[2, 102.480588]
[1, 102.627647]
[1, 102.701176]
[1, 102.774706]
[1, 102.848235]
[2, 102.921765]
[1, 103.068824]
[1, 103.142353]
[1, 103.215882]
[1, 103.289412]
[2, 103.362941]
[1, 103.510000]
[1, 103.583529]
[1, 103.657059]
[1, 103.730588]
[1, 103.804118]
[1, 103.877647]
[2, 103.951176]
[1, 104.098235]
[1, 104.171765]
[1, 104.245294]
[1, 104.318824]
[1, 104.392353]
[1, 104.465882]
[1, 104.539412]
[1, 104.612941]
[1, 104.686471]
[1, 104.760000]
[1, 104.833529]
[1, 106.010000]
[1, 106.083529]
[1, 106.157059]
[1, 106.230588]
[1, 106.304118]
[1, 106.377647]
[1, 106.451176]
[1, 106.524706]
[2, 106.598235]
[2, 106.671765]
[2, 106.745294]
[2, 106.818824]
[2, 106.892353]
[2, 106.965882]
[2, 107.039412]
[2, 107.112941]
[1, 107.186471]
[3, 107.333529]

course: 3
[1, 1.010000]
[1, 1.083529]
[1, 1.157059]
[1, 1.230588]
[1, 1.304118]
[1, 1.451176]
[2, 1.598235]
[1, 1.745294]
[1, 1.892353]
[1, 2.039412]
[1, 2.186471]
[1, 2.260000]
[1, 2.333529]
[1, 2.407059]
[1, 2.480588]
[1, 2.627647]
[2, 2.774706]
[1, 2.921765]
[1, 3.068824]
[1, 3.215882]
[1, 3.362941]
[1, 3.436471]
[1, 3.510000]
[1, 3.583529]
[1, 3.657059]
[1, 3.804118]
[2, 3.951176]
[1, 4.098235]
[1, 4.245294]
[2, 4.392353]
[1, 4.539412]
[1, 4.612941]
[1, 4.686471]
[1, 4.760000]
[1, 4.833529]
[1, 4.980588]
[2, 5.127647]
[1, 5.274706]
[1, 5.421765]
[1, 5.568824]
[1, 5.715882]
[1, 5.789412]
[1, 5.862941]
[1, 5.936471]
[1, 6.010000]
[1, 6.157059]
[2, 6.304118]
[1, 6.451176]
[1, 6.598235]
[1, 6.745294]
[1, 6.892353]
[1, 6.965882]
[1, 7.039412]
[1, 7.112941]
[1, 7.186471]
[1, 7.333529]
[2, 7.480588]
[1, 7.627647]
[1, 7.774706]
[1, 7.921765]
[1, 8.068824]
[1, 8.142353]
[1, 8.215882]
[1, 8.289412]
[1, 8.362941]
[1, 8.510000]
[2, 8.657059]
[1, 8.804118]
[1, 8.951176]
[2, 9.098235]
[1, 9.245294]
[1, 9.318824]
[1, 9.392353]
[1, 9.465882]
[1, 9.539412]
[1, 9.686471]
[2, 9.833529]
[1, 9.980588]
[1, 10.127647]
[1, 10.274706]
[1, 10.421765]
[1, 10.495294]
[1, 10.568824]
[1, 10.642353]
[1, 10.715882]
[1, 10.862941]
[2, 11.010000]
[1, 11.157059]
[2, 11.304118]
[1, 11.451176]
[1, 11.598235]
[1, 11.671765]
[1, 11.745294]
[1, 11.818824]
[1, 11.892353]
[1, 12.039412]
[2, 12.186471]
[1, 12.333529]
[2, 12.480588]
[1, 12.627647]
[1, 12.774706]
[1, 12.848235]
[1, 12.921765]
[1, 12.995294]
[1, 13.068824]
[2, 13.215882]
[1, 13.362941]
[1, 13.436471]
[1, 13.510000]
[1, 13.583529]
[1, 13.657059]
[2, 13.804118]
[1, 13.951176]
[1, 14.024706]
[1, 14.098235]
[1, 14.171765]
[1, 14.245294]
[1, 14.318824]
[1, 14.392353]
[1, 14.465882]
[1, 14.539412]
[1, 14.612941]
[1, 14.686471]
[1, 14.760000]
[1, 14.833529]
[1, 14.907059]
[1, 14.980588]
[1, 16.598235]
[1, 16.745294]
[1, 16.818824]
[2, 16.892353]
[1, 17.039412]
[1, 17.112941]
[1, 17.186471]
[1, 17.333529]
[2, 17.480588]
[1, 17.627647]
[1, 17.774706]
[1, 17.848235]
[1, 17.921765]
[2, 18.068824]
[1, 18.142353]
[1, 18.215882]
[1, 18.362941]
[1, 18.510000]
[2, 18.583529]
[2, 18.657059]
[1, 18.804118]
[1, 18.877647]
[1, 18.951176]
[1, 19.098235]
[2, 19.245294]
[1, 19.392353]
[1, 19.539412]
[1, 19.612941]
[1, 19.686471]
[2, 19.833529]
[2, 19.907059]
[1, 19.980588]
[1, 20.127647]
[1, 20.274706]
[1, 20.348235]
[2, 20.421765]
[1, 20.568824]
[1, 20.642353]
[1, 20.715882]
[1, 20.862941]
[2, 21.010000]
[1, 21.157059]
[1, 21.304118]
[1, 21.377647]
[1, 21.451176]
[2, 21.598235]
[1, 21.671765]
[1, 21.745294]
[1, 21.892353]
[1, 22.039412]
[2, 22.112941]
[2, 22.186471]
[1, 22.333529]
[1, 22.407059]
[1, 22.480588]
[1, 22.627647]
[2, 22.774706]
[1, 22.921765]
[1, 23.068824]
[1, 23.142353]
[1, 23.215882]
[2, 23.362941]
[2, 23.436471]
[1, 23.510000]
[2, 23.657059]
[1, 23.804118]
[1, 23.877647]
[1, 23.951176]
[2, 24.098235]
[1, 24.245294]
[1, 24.318824]
[1, 24.392353]
[2, 24.539412]
[1, 24.686471]
[1, 24.760000]
[1, 24.833529]
[2, 24.980588]
[1, 25.127647]
[1, 25.201176]
[1, 25.274706]
[2, 25.421765]
[1, 25.568824]
[2, 25.642353]
[1, 25.715882]
[2, 25.862941]
[1, 26.010000]
[2, 26.083529]
[1, 26.157059]
[2, 26.304118]
[1, 26.451176]
[1, 26.524706]
[2, 26.598235]
[1, 26.671765]
[1, 26.745294]
[2, 26.892353]
[1, 26.965882]
[2, 27.039412]
[2, 27.186471]
[1, 27.333529]
[1, 27.407059]
[1, 27.480588]
[2, 27.627647]
[1, 27.774706]
[1, 27.848235]
[1, 27.921765]
[2, 28.068824]
[1, 28.215882]
[2, 28.289412]
[1, 28.362941]
[2, 28.510000]
[1, 28.657059]
[2, 28.730588]
[1, 28.804118]
[1, 28.951176]
[1, 29.098235]
[1, 29.171765]
[2, 29.245294]
[1, 29.392353]
[1, 29.465882]
[1, 29.539412]
[1, 29.686471]
[1, 29.760000]
[2, 29.833529]
[1, 29.980588]
[1, 30.054118]
[1, 30.127647]
[1, 30.274706]
[1, 30.348235]
[2, 30.421765]
[1, 30.495294]
[1, 30.568824]
[2, 30.715882]
[1, 30.789412]
[1, 30.862941]
[1, 30.936471]
[2, 31.010000]
[1, 31.157059]
[1, 31.304118]
[1, 31.451176]
[1, 31.524706]
[2, 31.598235]
[1, 31.745294]
[1, 31.818824]
[1, 31.892353]
[1, 32.039412]
[1, 32.112941]
[2, 32.186471]
[1, 32.333529]
[1, 32.407059]
[1, 32.480588]
[1, 32.627647]
[1, 32.701176]
[2, 32.774706]
[1, 32.848235]
[1, 32.921765]
[2, 33.068824]
[1, 33.142353]
[1, 33.215882]
[1, 33.289412]
[2, 33.362941]
[1, 33.510000]
[1, 33.657059]
[1, 33.730588]
[1, 33.804118]
[2, 33.951176]
[1, 34.024706]
[2, 34.098235]
[1, 34.245294]
[1, 34.318824]
[1, 34.392353]
[2, 34.539412]
[1, 34.612941]
[2, 34.686471]
[1, 34.833529]
[1, 34.907059]
[1, 34.980588]
[1, 35.054118]
[2, 35.127647]
[2, 35.201176]
[2, 35.274706]
[2, 35.348235]
[1, 35.421765]
[2, 35.495294]
[1, 35.568824]
[2, 35.642353]
[1, 35.715882]
[2, 35.789412]
[1, 35.862941]
[2, 35.936471]
[1, 36.010000]
[2, 36.157059]
[1, 36.304118]
[1, 36.377647]
[1, 36.451176]
[1, 36.524706]
[1, 36.598235]
[2, 36.745294]
[1, 36.892353]
[1, 36.965882]
[2, 37.039412]
[1, 37.186471]
[2, 37.333529]
[2, 37.407059]
[1, 37.480588]
[2, 37.627647]
[1, 37.774706]
[2, 37.921765]
[1, 38.068824]
[1, 38.142353]
[2, 38.215882]
[1, 38.362941]
[2, 38.510000]
[2, 38.583529]
[1, 38.657059]
[2, 38.804118]
[1, 38.951176]
[2, 39.098235]
[1, 39.245294]
[1, 39.318824]
[2, 39.392353]
[1, 39.539412]
[2, 39.686471]
[1, 39.833529]
[1, 39.907059]
[2, 39.980588]
[1, 40.127647]
[2, 40.274706]
[2, 40.348235]
[1, 40.421765]
[2, 40.568824]
[1, 40.715882]
[2, 40.862941]
[1, 41.010000]
[1, 41.083529]
[2, 41.157059]
[1, 41.304118]
[2, 41.451176]
[1, 41.598235]
[1, 41.671765]
[2, 41.745294]
[1, 41.892353]
[2, 42.039412]
[2, 42.112941]
[1, 42.186471]
[2, 42.333529]
[1, 42.480588]
[2, 42.627647]
[1, 42.774706]
[1, 42.848235]
[2, 42.921765]
[1, 43.068824]
[2, 43.215882]
[2, 43.289412]
[1, 43.362941]
[2, 43.510000]
[1, 43.657059]
[2, 43.804118]
[1, 43.951176]
[1, 44.024706]
[2, 44.098235]
[1, 44.245294]
[2, 44.392353]
[1, 44.539412]
[1, 44.612941]
[2, 44.686471]
[1, 44.833529]
[2, 44.980588]
[2, 45.054118]
[1, 45.127647]
[2, 45.274706]
[1, 45.421765]
[2, 45.568824]
[1, 45.715882]
[1, 45.789412]
[2, 45.862941]
[1, 46.010000]
[2, 46.157059]
[1, 46.304118]
[1, 46.377647]
[2, 46.451176]
[1, 46.598235]
[2, 46.745294]
[2, 46.818824]
[1, 46.892353]
[2, 47.039412]
[1, 47.186471]
[2, 47.333529]
[1, 47.480588]
[1, 47.554118]
[2, 47.627647]
[1, 47.774706]
[2, 47.921765]
[2, 47.995294]
[1, 48.068824]
[2, 48.215882]
[1, 48.362941]
[2, 48.510000]
[1, 48.657059]
[1, 48.730588]
[2, 48.804118]
[1, 48.951176]
[2, 49.098235]
[1, 49.245294]
[1, 49.318824]
[2, 49.392353]
[1, 49.539412]
[2, 49.686471]
[2, 49.760000]
[1, 49.833529]
[2, 49.980588]
[1, 50.127647]
[2, 50.274706]
[1, 50.421765]
[1, 50.495294]
[2, 50.568824]
[1, 50.715882]
[2, 50.862941]
[1, 51.010000]
[1, 51.083529]
[2, 51.157059]
[1, 51.304118]
[2, 51.451176]
[2, 51.524706]
[1, 51.598235]
[2, 51.745294]
[1, 51.892353]
[2, 52.039412]
[1, 52.186471]
[1, 52.260000]
[2, 52.333529]
[1, 52.480588]
[2, 52.627647]
[2, 52.701176]
[1, 52.774706]
[2, 52.921765]
[1, 53.068824]
[2, 53.215882]
[1, 53.289412]
[1, 53.362941]
[1, 53.436471]
[2, 53.510000]
[1, 53.657059]
[2, 53.804118]
[2, 53.877647]
[1, 53.951176]
[2, 54.098235]
[1, 54.245294]
[2, 54.392353]
[1, 54.465882]
[1, 54.539412]
[1, 54.612941]
[2, 54.686471]
[1, 54.833529]
[2, 54.980588]
[2, 55.054118]
[1, 55.127647]
[2, 55.274706]
[1, 55.421765]
[1, 55.495294]
[2, 55.568824]
[1, 55.642353]
[1, 55.715882]
[2, 55.862941]
[1, 56.010000]
[1, 56.083529]
[1, 56.157059]
[1, 56.230588]
[2, 56.304118]
[2, 56.377647]
[2, 56.451176]
[2, 56.524706]
[1, 57.774706]
[1, 58.068824]
[1, 58.142353]
[1, 58.215882]
[1, 58.289412]
[2, 58.362941]
[1, 58.657059]
[1, 58.804118]
[1, 58.951176]
[1, 59.098235]
[2, 59.245294]
[1, 59.539412]
[1, 59.833529]
[1, 60.127647]
[1, 60.421765]
[1, 60.495294]
[1, 60.568824]
[1, 60.642353]
[2, 60.715882]
[1, 61.010000]
[1, 61.157059]
[1, 61.304118]
[1, 61.451176]
[2, 61.598235]
[2, 61.892353]
[1, 62.186471]
[1, 62.480588]
[1, 62.774706]
[1, 62.848235]
[1, 62.921765]
[1, 62.995294]
[2, 63.068824]
[1, 63.362941]
[1, 63.510000]
[1, 63.657059]
[1, 63.804118]
[2, 63.951176]
[1, 64.245294]
[1, 64.539412]
[1, 64.833529]
[1, 65.127647]
[1, 65.201176]
[1, 65.274706]
[1, 65.348235]
[2, 65.421765]
[1, 65.715882]
[1, 65.862941]
[1, 66.010000]
[1, 66.157059]
[2, 66.304118]
[1, 66.598235]
[1, 66.671765]
[1, 66.745294]
[1, 66.818824]
[2, 66.892353]
[3, 67.186471]
[1, 67.333529]
[1, 67.407059]
[1, 67.480588]
[2, 67.627647]
[1, 67.774706]
[1, 67.848235]
[1, 67.921765]
[1, 68.068824]
[1, 68.215882]
[1, 68.289412]
[1, 68.362941]
[2, 68.510000]
[1, 68.657059]
[1, 68.730588]
[1, 68.804118]
[3, 68.951176]
[4, 69.098235]
[3, 69.245294]
[4, 69.392353]
[3, 69.539412]
[1, 69.686471]
[1, 69.760000]
[1, 69.833529]
[2, 69.980588]
[1, 70.127647]
[1, 70.201176]
[1, 70.274706]
[1, 70.421765]
[1, 70.568824]
[1, 70.642353]
[1, 70.715882]
[2, 70.862941]
[1, 71.010000]
[1, 71.083529]
[1, 71.157059]
[4, 71.304118]
[4, 71.451176]
[4, 71.598235]
[3, 71.892353]
[2, 72.039412]
[1, 72.112941]
[1, 72.186471]
[2, 72.333529]
[2, 72.480588]
[1, 72.554118]
[1, 72.627647]
[1, 72.774706]
[2, 72.921765]
[1, 72.995294]
[1, 73.068824]
[2, 73.215882]
[2, 73.362941]
[1, 73.436471]
[1, 73.510000]
[3, 73.657059]
[4, 73.804118]
[3, 73.951176]
[4, 74.098235]
[3, 74.245294]
[2, 74.392353]
[2, 74.465882]
[2, 74.539412]
[1, 74.686471]
[2, 74.833529]
[2, 74.907059]
[2, 74.980588]
[1, 75.127647]
[2, 75.274706]
[1, 75.421765]
[2, 75.568824]
[1, 75.715882]
[1, 75.789412]
[2, 75.862941]
[1, 76.010000]
[2, 76.157059]
[1, 76.304118]
[1, 76.377647]
[2, 76.451176]
[3, 76.598235]
[3, 76.745294]
[3, 76.892353]
[3, 77.039412]
[3, 77.186471]
[3, 77.333529]
[3, 77.480588]
[3, 77.627647]
[1, 78.951176]
[1, 79.098235]
[1, 79.171765]
[2, 79.245294]
[1, 79.392353]
[1, 79.465882]
[1, 79.539412]
[1, 79.686471]
[1, 79.760000]
[2, 79.833529]
[1, 79.980588]
[1, 80.054118]
[1, 80.127647]
[1, 80.274706]
[1, 80.348235]
[2, 80.421765]
[1, 80.495294]
[1, 80.568824]
[2, 80.715882]
[1, 80.789412]
[1, 80.862941]
[2, 81.010000]
[1, 81.157059]
[1, 81.304118]
[1, 81.451176]
[1, 81.524706]
[2, 81.598235]
[1, 81.745294]
[1, 81.818824]
[1, 81.892353]
[1, 82.039412]
[1, 82.112941]
[2, 82.186471]
[1, 82.333529]
[1, 82.407059]
[1, 82.480588]
[1, 82.627647]
[1, 82.701176]
[2, 82.774706]
[1, 82.848235]
[1, 82.921765]
[2, 83.068824]
[1, 83.142353]
[1, 83.215882]
[1, 83.289412]
[2, 83.362941]
[1, 83.510000]
[1, 83.657059]
[1, 83.804118]
[1, 83.877647]
[2, 83.951176]
[1, 84.098235]
[1, 84.171765]
[1, 84.245294]
[1, 84.392353]
[1, 84.465882]
[2, 84.539412]
[1, 84.686471]
[1, 84.760000]
[1, 84.833529]
[1, 84.980588]
[1, 85.054118]
[2, 85.127647]
[1, 85.201176]
[1, 85.274706]
[2, 85.421765]
[1, 85.495294]
[1, 85.568824]
[2, 85.715882]
[1, 85.862941]
[1, 86.010000]
[1, 86.157059]
[1, 86.230588]
[2, 86.304118]
[1, 86.451176]
[1, 86.524706]
[1, 86.598235]
[1, 86.745294]
[1, 86.818824]
[2, 86.892353]
[1, 87.039412]
[1, 87.112941]
[1, 87.186471]
[1, 87.333529]
[1, 87.407059]
[2, 87.480588]
[1, 87.554118]
[1, 87.627647]
[2, 87.774706]
[1, 87.848235]
[1, 87.921765]
[1, 87.995294]
[2, 88.068824]
[1, 88.215882]
[2, 88.362941]
[1, 88.510000]
[1, 88.583529]
[1, 88.657059]
[2, 88.804118]
[1, 88.951176]
[1, 89.024706]
[1, 89.098235]
[2, 89.245294]
[1, 89.392353]
[1, 89.465882]
[1, 89.539412]
[2, 89.686471]
[1, 89.833529]
[1, 89.907059]
[1, 89.980588]
[2, 90.127647]
[1, 90.201176]
[1, 90.274706]
[1, 90.348235]
[2, 90.421765]
[1, 90.568824]
[2, 90.715882]
[1, 90.862941]
[2, 90.936471]
[1, 91.010000]
[2, 91.157059]
[1, 91.304118]
[2, 91.377647]
[1, 91.451176]
[2, 91.598235]
[1, 91.745294]
[2, 91.818824]
[1, 91.892353]
[2, 92.039412]
[1, 92.186471]
[2, 92.260000]
[1, 92.333529]
[2, 92.480588]
[1, 92.554118]
[2, 92.627647]
[1, 92.701176]
[2, 92.774706]
[1, 92.921765]
[1, 92.995294]
[1, 93.068824]
[1, 93.142353]
[1, 93.215882]
[2, 93.362941]
[1, 93.510000]
[1, 93.657059]
[1, 93.804118]
[1, 93.877647]
[2, 93.951176]
[1, 94.098235]
[1, 94.171765]
[1, 94.245294]
[1, 94.318824]
[1, 94.392353]
[2, 94.539412]
[1, 94.686471]
[1, 94.833529]
[1, 94.980588]
[1, 95.054118]
[2, 95.127647]
[1, 95.274706]
[1, 95.348235]
[1, 95.421765]
[1, 95.495294]
[2, 95.568824]
[2, 95.715882]
[1, 95.862941]
[1, 96.010000]
[1, 96.157059]
[1, 96.230588]
[2, 96.304118]
[1, 96.451176]
[1, 96.524706]
[1, 96.598235]
[1, 96.671765]
[2, 96.745294]
[2, 96.892353]
[1, 97.039412]
[1, 97.186471]
[1, 97.333529]
[1, 97.407059]
[2, 97.480588]
[1, 97.627647]
[1, 97.701176]
[1, 97.774706]
[1, 97.921765]
[1, 97.995294]
[2, 98.068824]
[1, 98.215882]
[1, 98.289412]
[1, 98.362941]
[1, 98.510000]
[1, 98.583529]
[2, 98.657059]
[1, 98.804118]
[1, 98.877647]
[1, 98.951176]
[1, 99.098235]
[1, 99.171765]
[2, 99.245294]
[1, 99.392353]
[1, 99.465882]
[1, 99.539412]
[1, 99.686471]
[1, 99.760000]
[2, 99.833529]
[3, 99.980588]
[3, 100.274706]
[4, 100.421765]
[1, 101.304118]
[1, 101.451176]
[2, 101.598235]
[2, 101.671765]
[2, 101.745294]
[1, 101.892353]
[1, 102.039412]
[2, 102.186471]
[2, 102.260000]
[2, 102.333529]
[1, 102.480588]
[2, 102.627647]
[2, 102.701176]
[2, 102.774706]
[1, 102.921765]
[2, 103.068824]
[2, 103.142353]
[2, 103.215882]
[1, 103.362941]
[1, 103.657059]
[2, 103.804118]
[2, 103.877647]
[2, 103.951176]
[1, 104.098235]
[2, 104.539412]
[2, 104.686471]
[3, 107.186471]
[3, 107.333529]

course: 2
[3, 1.010000]
[4, 3.362941]
[3, 5.715882]
[4, 8.068824]
[3, 10.421765]
[3, 12.774706]
[1, 16.598235]
[2, 16.892353]
[1, 17.039412]
[1, 17.186471]
[2, 17.480588]
[1, 17.774706]
[1, 17.921765]
[2, 18.068824]
[1, 18.362941]
[2, 18.657059]
[1, 18.804118]
[1, 18.951176]
[2, 19.245294]
[1, 19.539412]
[1, 19.686471]
[2, 19.833529]
[1, 20.127647]
[2, 20.421765]
[1, 20.568824]
[1, 20.715882]
[2, 21.010000]
[1, 21.304118]
[1, 21.451176]
[2, 21.598235]
[1, 21.892353]
[2, 22.186471]
[1, 22.333529]
[1, 22.480588]
[2, 22.774706]
[1, 23.068824]
[1, 23.215882]
[2, 23.362941]
[2, 23.657059]
[2, 23.804118]
[2, 23.951176]
[1, 24.098235]
[1, 24.245294]
[1, 24.392353]
[2, 24.539412]
[2, 24.686471]
[2, 24.833529]
[1, 24.980588]
[1, 25.127647]
[1, 25.274706]
[2, 25.421765]
[2, 25.568824]
[2, 25.715882]
[1, 25.862941]
[1, 26.010000]
[1, 26.157059]
[2, 26.304118]
[1, 26.451176]
[2, 26.598235]
[1, 26.745294]
[2, 26.892353]
[1, 27.186471]
[1, 27.333529]
[1, 27.480588]
[2, 27.627647]
[2, 27.774706]
[2, 27.921765]
[1, 28.068824]
[1, 28.215882]
[1, 28.362941]
[2, 28.510000]
[2, 28.657059]
[2, 28.804118]
[1, 28.951176]
[2, 29.245294]
[1, 29.539412]
[1, 29.686471]
[2, 29.833529]
[1, 30.127647]
[1, 30.274706]
[2, 30.421765]
[2, 30.715882]
[1, 30.862941]
[1, 31.010000]
[1, 31.304118]
[2, 31.598235]
[1, 31.892353]
[1, 32.039412]
[2, 32.186471]
[1, 32.480588]
[1, 32.627647]
[2, 32.774706]
[2, 33.068824]
[1, 33.215882]
[1, 33.362941]
[1, 33.657059]
[1, 33.804118]
[2, 33.951176]
[2, 34.098235]
[1, 34.245294]
[1, 34.392353]
[2, 34.539412]
[2, 34.686471]
[1, 34.833529]
[2, 34.980588]
[1, 35.127647]
[2, 35.274706]
[1, 35.421765]
[2, 35.568824]
[1, 35.715882]
[2, 35.862941]
[1, 36.598235]
[2, 36.892353]
[1, 37.186471]
[1, 37.333529]
[2, 37.480588]
[1, 37.627647]
[1, 37.921765]
[2, 38.068824]
[1, 38.362941]
[1, 38.510000]
[2, 38.657059]
[1, 38.951176]
[2, 39.245294]
[1, 39.539412]
[1, 39.686471]
[2, 39.833529]
[1, 39.980588]
[1, 40.274706]
[2, 40.421765]
[1, 40.715882]
[1, 40.862941]
[2, 41.010000]
[1, 41.304118]
[2, 41.598235]
[1, 41.892353]
[1, 42.039412]
[2, 42.186471]
[1, 42.333529]
[1, 42.627647]
[2, 42.774706]
[1, 43.068824]
[1, 43.215882]
[2, 43.362941]
[1, 43.657059]
[2, 43.951176]
[1, 44.098235]
[1, 44.392353]
[2, 44.539412]
[1, 44.833529]
[2, 45.127647]
[1, 45.421765]
[1, 45.568824]
[2, 45.715882]
[1, 45.862941]
[1, 46.010000]
[2, 46.304118]
[1, 46.598235]
[1, 46.745294]
[2, 46.892353]
[1, 47.039412]
[1, 47.333529]
[2, 47.480588]
[1, 47.774706]
[1, 47.921765]
[2, 48.068824]
[1, 48.362941]
[2, 48.657059]
[1, 48.951176]
[1, 49.098235]
[2, 49.245294]
[1, 49.392353]
[1, 49.686471]
[2, 49.833529]
[1, 50.127647]
[1, 50.274706]
[2, 50.421765]
[1, 50.715882]
[2, 51.010000]
[1, 51.304118]
[1, 51.451176]
[2, 51.598235]
[1, 51.892353]
[2, 52.186471]
[1, 52.480588]
[2, 52.627647]
[2, 52.774706]
[1, 53.068824]
[2, 53.362941]
[1, 53.657059]
[1, 53.804118]
[2, 53.951176]
[1, 54.245294]
[2, 54.539412]
[1, 54.833529]
[2, 54.980588]
[2, 55.127647]
[1, 55.421765]
[2, 55.568824]
[1, 55.715882]
[2, 55.862941]
[1, 56.010000]
[2, 56.157059]
[1, 56.304118]
[2, 56.451176]
[1, 57.774706]
[1, 58.068824]
[1, 58.215882]
[2, 58.362941]
[1, 58.657059]
[1, 58.951176]
[1, 59.245294]
[2, 59.539412]
[1, 59.833529]
[1, 60.127647]
[1, 60.421765]
[1, 60.568824]
[2, 60.715882]
[1, 61.010000]
[1, 61.304118]
[1, 61.598235]
[2, 61.892353]
[2, 62.186471]
[2, 62.480588]
[1, 62.774706]
[1, 62.921765]
[2, 63.068824]
[1, 63.362941]
[1, 63.657059]
[1, 63.951176]
[2, 64.245294]
[1, 64.539412]
[1, 64.833529]
[1, 65.127647]
[1, 65.274706]
[2, 65.421765]
[1, 65.715882]
[2, 66.010000]
[2, 66.304118]
[2, 66.598235]
[3, 67.186471]
[3, 67.627647]
[3, 68.068824]
[3, 68.510000]
[3, 68.951176]
[3, 69.245294]
[3, 69.539412]
[3, 69.980588]
[3, 70.421765]
[3, 70.862941]
[3, 71.304118]
[3, 71.451176]
[3, 71.598235]
[3, 71.892353]
[3, 72.333529]
[3, 72.774706]
[3, 73.215882]
[3, 73.657059]
[3, 73.951176]
[3, 74.245294]
[3, 74.686471]
[3, 75.127647]
[4, 75.421765]
[4, 75.715882]
[4, 76.010000]
[4, 76.304118]
[1, 78.951176]
[1, 79.098235]
[2, 79.245294]
[1, 79.539412]
[2, 79.833529]
[1, 79.980588]
[1, 80.274706]
[2, 80.421765]
[1, 80.715882]
[1, 80.862941]
[2, 81.010000]
[1, 81.304118]
[2, 81.598235]
[1, 81.745294]
[1, 82.039412]
[2, 82.186471]
[3, 82.480588]
[3, 82.774706]
[3, 83.068824]
[1, 83.657059]
[1, 83.804118]
[2, 83.951176]
[1, 84.245294]
[2, 84.539412]
[1, 84.686471]
[1, 84.980588]
[2, 85.127647]
[1, 85.421765]
[1, 85.568824]
[2, 85.715882]
[1, 86.010000]
[2, 86.304118]
[1, 86.451176]
[1, 86.745294]
[2, 86.892353]
[3, 87.186471]
[3, 87.480588]
[3, 87.774706]
[2, 88.362941]
[2, 88.510000]
[2, 88.657059]
[1, 88.804118]
[1, 88.951176]
[1, 89.098235]
[2, 89.245294]
[2, 89.392353]
[2, 89.539412]
[1, 89.686471]
[1, 89.833529]
[1, 89.980588]
[2, 90.127647]
[1, 90.274706]
[2, 90.421765]
[2, 90.715882]
[2, 90.862941]
[2, 91.010000]
[1, 91.157059]
[1, 91.304118]
[1, 91.451176]
[2, 91.598235]
[2, 91.745294]
[2, 91.892353]
[1, 92.039412]
[1, 92.186471]
[1, 92.333529]
[2, 92.480588]
[1, 92.627647]
[2, 92.774706]
[1, 92.921765]
[1, 93.215882]
[1, 93.362941]
[2, 93.657059]
[2, 93.951176]
[1, 94.098235]
[1, 94.392353]
[1, 94.539412]
[2, 94.833529]
[2, 95.127647]
[1, 95.274706]
[1, 95.568824]
[1, 95.715882]
[2, 96.010000]
[2, 96.304118]
[1, 96.451176]
[1, 96.745294]
[1, 96.892353]
[2, 97.186471]
[2, 97.480588]
[1, 97.627647]
[1, 97.921765]
[1, 98.068824]
[2, 98.362941]
[1, 98.657059]
[1, 98.804118]
[1, 99.098235]
[1, 99.245294]
[2, 99.539412]
[1, 99.833529]
[1, 99.980588]
[3, 100.421765]
[3, 101.304118]
[3, 101.892353]
[3, 107.186471]
[3, 107.333529]

course: 1
[3, 1.010000]
[4, 3.362941]
[3, 5.715882]
[4, 8.068824]
[3, 10.421765]
[3, 12.774706]
[1, 16.598235]
[1, 16.892353]
[1, 17.039412]
[1, 17.186471]
[1, 17.480588]
[1, 18.068824]
[1, 18.362941]
[1, 18.951176]
[1, 19.245294]
[1, 19.833529]
[1, 20.127647]
[1, 20.421765]
[1, 20.568824]
[1, 20.715882]
[1, 21.010000]
[1, 21.598235]
[1, 21.892353]
[1, 22.480588]
[1, 22.774706]
[1, 23.362941]
[2, 23.657059]
[2, 24.098235]
[2, 24.539412]
[2, 24.980588]
[2, 25.421765]
[2, 25.862941]
[2, 26.304118]
[2, 26.598235]
[2, 26.892353]
[2, 27.186471]
[2, 27.627647]
[2, 28.068824]
[2, 28.510000]
[2, 28.951176]
[2, 29.539412]
[2, 30.127647]
[2, 30.421765]
[2, 30.715882]
[2, 31.304118]
[2, 31.598235]
[2, 31.892353]
[2, 32.480588]
[2, 32.774706]
[2, 33.068824]
[1, 36.598235]
[1, 37.186471]
[1, 37.774706]
[1, 38.068824]
[1, 38.362941]
[1, 38.510000]
[1, 38.657059]
[1, 38.951176]
[1, 39.539412]
[1, 40.127647]
[1, 40.421765]
[1, 40.715882]
[1, 40.862941]
[1, 41.010000]
[1, 41.304118]
[1, 41.892353]
[1, 42.480588]
[1, 42.774706]
[2, 43.068824]
[2, 43.215882]
[2, 43.362941]
[1, 43.657059]
[1, 44.245294]
[2, 44.833529]
[2, 45.127647]
[2, 45.421765]
[1, 46.010000]
[1, 46.598235]
[1, 47.186471]
[1, 47.480588]
[1, 47.774706]
[1, 47.921765]
[1, 48.068824]
[1, 48.362941]
[1, 48.951176]
[1, 49.539412]
[1, 49.833529]
[1, 50.127647]
[1, 50.274706]
[1, 50.421765]
[1, 50.715882]
[1, 51.304118]
[1, 51.892353]
[1, 52.186471]
[2, 52.480588]
[2, 52.627647]
[2, 52.774706]
[1, 53.068824]
[1, 53.657059]
[2, 54.245294]
[2, 54.539412]
[2, 54.833529]
[1, 55.421765]
[1, 55.715882]
[1, 56.010000]
[1, 56.304118]
[1, 56.598235]
[1, 57.774706]
[2, 58.362941]
[1, 58.951176]
[1, 59.539412]
[1, 59.833529]
[1, 60.127647]
[2, 60.715882]
[2, 61.304118]
[1, 61.892353]
[1, 62.186471]
[1, 62.480588]
[2, 63.068824]
[1, 63.657059]
[1, 64.245294]
[1, 64.539412]
[1, 64.833529]
[2, 65.421765]
[2, 66.010000]
[2, 66.304118]
[2, 66.598235]
[3, 67.186471]
[3, 67.627647]
[3, 68.068824]
[3, 68.510000]
[3, 68.951176]
[3, 69.245294]
[3, 69.539412]
[3, 69.980588]
[3, 70.421765]
[3, 70.862941]
[3, 71.304118]
[3, 71.598235]
[3, 71.892353]
[3, 72.333529]
[3, 72.774706]
[3, 73.215882]
[3, 73.657059]
[3, 73.951176]
[1, 78.951176]
[1, 79.245294]
[1, 79.539412]
[1, 80.127647]
[1, 80.421765]
[1, 80.568824]
[1, 80.715882]
[1, 81.304118]
[1, 81.598235]
[1, 81.892353]
[1, 82.480588]
[1, 82.774706]
[1, 82.921765]
[1, 83.068824]
[1, 83.657059]
[1, 83.951176]
[1, 84.245294]
[1, 84.833529]
[1, 85.127647]
[1, 85.274706]
[1, 85.421765]
[1, 86.010000]
[1, 86.304118]
[1, 86.598235]
[1, 87.186471]
[1, 87.480588]
[1, 87.627647]
[1, 87.774706]
[2, 88.362941]
[2, 88.804118]
[2, 89.245294]
[2, 89.833529]
[2, 90.127647]
[2, 90.715882]
[2, 91.157059]
[2, 91.598235]
[2, 92.186471]
[2, 92.480588]
[1, 92.921765]
[1, 93.362941]
[1, 93.657059]
[1, 94.098235]
[1, 94.539412]
[1, 94.833529]
[2, 95.274706]
[2, 95.715882]
[2, 96.010000]
[2, 96.451176]
[2, 96.892353]
[2, 97.186471]
[1, 97.627647]
[1, 98.068824]
[1, 98.362941]
[1, 98.804118]
[1, 99.245294]
[1, 99.539412]
[3, 99.980588]
[3, 100.421765]
[3, 101.304118]
[3, 101.892353]
[3, 107.186471]
[3, 107.333529]

course: 0
[3, 1.010000]
[4, 3.362941]
[3, 5.715882]
[4, 8.068824]
[3, 10.421765]
[3, 12.774706]
[1, 16.598235]
[1, 16.892353]
[1, 17.186471]
[1, 17.480588]
[1, 18.362941]
[1, 19.245294]
[1, 19.539412]
[1, 19.833529]
[1, 20.127647]
[1, 21.010000]
[1, 21.892353]
[1, 22.186471]
[1, 22.480588]
[1, 22.774706]
[2, 23.657059]
[2, 24.539412]
[2, 25.421765]
[2, 26.304118]
[2, 26.598235]
[2, 26.892353]
[2, 27.186471]
[2, 28.068824]
[2, 28.951176]
[2, 29.539412]
[2, 30.127647]
[2, 30.421765]
[2, 30.715882]
[2, 31.304118]
[2, 31.892353]
[2, 32.480588]
[2, 32.774706]
[2, 33.068824]
[1, 36.598235]
[1, 36.892353]
[1, 37.186471]
[1, 37.774706]
[1, 38.362941]
[1, 38.951176]
[1, 39.245294]
[1, 39.539412]
[1, 40.127647]
[1, 40.715882]
[1, 41.304118]
[1, 41.598235]
[1, 41.892353]
[1, 42.480588]
[1, 43.068824]
[2, 43.657059]
[2, 44.833529]
[2, 45.127647]
[2, 45.421765]
[1, 46.010000]
[1, 46.304118]
[1, 46.598235]
[1, 47.186471]
[1, 47.774706]
[1, 48.362941]
[1, 48.657059]
[1, 48.951176]
[1, 49.539412]
[1, 50.127647]
[1, 50.715882]
[1, 51.010000]
[1, 51.304118]
[1, 51.892353]
[1, 52.480588]
[2, 53.068824]
[2, 54.245294]
[2, 54.539412]
[2, 54.833529]
[1, 55.421765]
[1, 55.715882]
[1, 56.010000]
[1, 56.304118]
[1, 56.598235]
[1, 57.774706]
[1, 58.951176]
[1, 59.539412]
[1, 59.833529]
[1, 60.127647]
[2, 61.304118]
[1, 61.892353]
[1, 62.186471]
[1, 62.480588]
[1, 63.657059]
[1, 64.245294]
[1, 64.539412]
[1, 64.833529]
[2, 66.010000]
[2, 66.598235]
[3, 67.186471]
[3, 68.068824]
[3, 68.951176]
[3, 69.245294]
[3, 69.539412]
[3, 70.421765]
[3, 71.304118]
[3, 71.892353]
[3, 72.774706]
[3, 73.657059]
[3, 73.951176]
[1, 78.951176]
[1, 79.245294]
[1, 79.539412]
[1, 80.127647]
[1, 80.421765]
[1, 80.715882]
[1, 81.304118]
[1, 81.892353]
[1, 83.657059]
[1, 83.951176]
[1, 84.245294]
[1, 84.833529]
[1, 85.127647]
[1, 85.421765]
[1, 86.010000]
[1, 86.598235]
[2, 88.362941]
[2, 88.951176]
[2, 89.539412]
[2, 89.833529]
[2, 90.127647]
[2, 90.715882]
[2, 91.304118]
[2, 91.892353]
[2, 92.186471]
[2, 92.480588]
[1, 93.362941]
[1, 93.657059]
[1, 94.539412]
[1, 94.833529]
[2, 95.715882]
[2, 96.010000]
[2, 96.892353]
[2, 97.186471]
[1, 97.774706]
[1, 98.068824]
[1, 98.362941]
[1, 98.951176]
[1, 99.245294]
[1, 99.539412]
[3, 101.304118]
[3, 101.892353]
[3, 107.186471]
