course: 4
[1, 0.888475]
[2, 1.142712]
[1, 1.269831]
[2, 1.524068]
[1, 1.778305]
[2, 2.032542]
[1, 2.286780]
[2, 2.541017]
[1, 2.795254]
[1, 2.922373]
[2, 3.176610]
[1, 3.303729]
[2, 3.557966]
[2, 3.685085]
[2, 3.748644]
[2, 3.812203]
[2, 3.875763]
[1, 3.939322]
[1, 4.066441]
[3, 4.320678]
[1, 4.574915]
[1, 4.638475]
[2, 4.702034]
[2, 5.718983]
[3, 5.973220]
[3, 6.227458]
[3, 6.354576]
[3, 6.608814]
[1, 6.863051]
[4, 6.990169]
[4, 7.180847]
[4, 7.371525]
[4, 7.562203]
[1, 7.752881]
[1, 7.922373]
[4, 8.007119]
[4, 8.197797]
[4, 8.388475]
[4, 8.579153]
[1, 8.769831]
[1, 8.854576]
[1, 8.939322]
[4, 9.024068]
[4, 9.214746]
[4, 9.405424]
[4, 9.596102]
[1, 9.786780]
[1, 9.956271]
[2, 10.041017]
[2, 10.231695]
[1, 10.422373]
[1, 10.485932]
[2, 10.549492]
[2, 10.740169]
[1, 10.930847]
[1, 10.994407]
[1, 11.057966]
[2, 11.121525]
[2, 11.185085]
[1, 11.248644]
[2, 11.312203]
[2, 11.375763]
[1, 11.439322]
[2, 11.502881]
[2, 11.566441]
[1, 11.630000]
[2, 11.693559]
[2, 11.757119]
[1, 11.820678]
[1, 11.990169]
[1, 12.074915]
[2, 12.138475]
[2, 12.202034]
[1, 12.265593]
[2, 12.329153]
[2, 12.392712]
[1, 12.456271]
[2, 12.519831]
[2, 12.583390]
[1, 12.646949]
[2, 12.710508]
[2, 12.774068]
[1, 12.837627]
[1, 12.922373]
[1, 13.007119]
[2, 13.091864]
[1, 13.218983]
[1, 13.261356]
[1, 13.303729]
[1, 13.346102]
[2, 13.473220]
[1, 13.600339]
[1, 13.663898]
[1, 13.727458]
[2, 13.854576]
[2, 13.981695]
[1, 14.235932]
[1, 14.299492]
[2, 14.363051]
[1, 14.490169]
[2, 14.617288]
[1, 14.744407]
[1, 14.871525]
[1, 14.998644]
[1, 15.125763]
[2, 15.380000]
[1, 15.634237]
[2, 15.888475]
[2, 16.015593]
[1, 16.142712]
[2, 16.269831]
[2, 16.333390]
[1, 16.396949]
[2, 16.524068]
[2, 16.587627]
[1, 16.651186]
[2, 16.778305]
[2, 16.841864]
[1, 16.905424]
[2, 16.968983]
[1, 17.032542]
[1, 17.159661]
[2, 17.286780]
[2, 17.350339]
[1, 17.413898]
[2, 17.541017]
[1, 17.668136]
[2, 17.731695]
[2, 17.795254]
[2, 17.858814]
[1, 17.922373]
[2, 17.985932]
[2, 18.113051]
[1, 18.176610]
[2, 18.303729]
[2, 18.367288]
[1, 18.430847]
[1, 18.494407]
[1, 18.557966]
[1, 18.621525]
[1, 18.685085]
[3, 18.939322]
[1, 19.193559]
[2, 19.235932]
[2, 19.278305]
[1, 19.320678]
[4, 19.447797]
[1, 19.702034]
[2, 19.829153]
[2, 19.892712]
[1, 19.956271]
[2, 20.083390]
[2, 20.146949]
[1, 20.210508]
[2, 20.337627]
[2, 20.401186]
[1, 20.464746]
[2, 20.591864]
[2, 20.655424]
[1, 20.718983]
[2, 20.846102]
[2, 20.909661]
[1, 20.973220]
[1, 21.036780]
[1, 21.100339]
[1, 21.163898]
[1, 21.227458]
[2, 21.354576]
[2, 21.418136]
[1, 21.481695]
[2, 21.545254]
[2, 21.608814]
[1, 21.735932]
[2, 21.799492]
[1, 21.863051]
[2, 21.926610]
[1, 21.990169]
[2, 22.053729]
[1, 22.117288]
[1, 22.180847]
[2, 22.244407]
[1, 22.371525]
[2, 22.435085]
[1, 22.498644]
[1, 22.625763]
[2, 22.689322]
[1, 22.752881]
[2, 22.880000]
[1, 22.943559]
[2, 23.007119]
[2, 23.070678]
[1, 23.134237]
[1, 23.197797]
[1, 24.278305]
[2, 24.405424]
[2, 24.468983]
[1, 24.532542]
[2, 24.659661]
[2, 24.723220]
[1, 24.786780]
[2, 24.913898]
[2, 24.977458]
[1, 25.041017]
[2, 25.104576]
[1, 25.168136]
[2, 25.231695]
[1, 25.295254]
[2, 25.422373]
[2, 25.485932]
[1, 25.549492]
[2, 25.676610]
[2, 25.740169]
[1, 25.803729]
[2, 25.867288]
[2, 25.930847]
[2, 25.994407]
[1, 26.057966]
[2, 26.121525]
[2, 26.248644]
[1, 26.312203]
[2, 26.439322]
[2, 26.502881]
[1, 26.566441]
[1, 26.630000]
[1, 26.693559]
[1, 26.757119]
[1, 26.820678]
[3, 27.074915]
[1, 27.329153]
[2, 27.371525]
[2, 27.413898]
[1, 27.456271]
[4, 27.583390]
[1, 27.837627]
[2, 27.964746]
[1, 28.091864]
[1, 28.155424]
[1, 28.218983]
[1, 28.282542]
[1, 28.346102]
[1, 28.536780]
[1, 28.727458]
[1, 28.854576]
[2, 28.981695]
[2, 29.045254]
[1, 29.108814]
[1, 29.172373]
[1, 29.235932]
[1, 29.299492]
[2, 29.363051]
[2, 29.490169]
[2, 29.553729]
[1, 29.617288]
[2, 29.680847]
[2, 29.744407]
[1, 29.871525]
[2, 29.935085]
[1, 29.998644]
[2, 30.062203]
[1, 30.125763]
[2, 30.189322]
[2, 30.252881]
[2, 30.316441]
[1, 30.380000]
[2, 30.507119]
[1, 30.634237]
[2, 30.697797]
[1, 30.761356]
[1, 30.824915]
[2, 30.888475]
[4, 31.142712]
[1, 31.396949]
[1, 31.524068]
[1, 31.587627]
[2, 31.651186]
[1, 31.778305]
[1, 31.841864]
[2, 31.905424]
[1, 32.032542]
[2, 32.096102]
[2, 32.159661]
[2, 32.223220]
[1, 32.286780]
[2, 32.413898]
[1, 32.541017]
[1, 32.604576]
[2, 32.668136]
[1, 32.731695]
[2, 32.795254]
[1, 32.858814]
[2, 32.922373]
[1, 33.049492]
[1, 33.113051]
[2, 33.176610]
[2, 33.303729]
[2, 33.430847]
[2, 33.557966]
[2, 33.600339]
[2, 33.642712]
[1, 33.685085]
[2, 33.812203]
[2, 33.939322]
[2, 34.002881]
[1, 34.066441]
[2, 34.193559]
[2, 34.320678]
[1, 34.447797]
[2, 34.574915]
[2, 34.638475]
[2, 34.702034]
[2, 34.829153]
[1, 34.956271]
[2, 35.083390]
[1, 35.210508]
[1, 35.337627]
[2, 35.464746]
[1, 35.591864]
[1, 35.655424]
[2, 35.718983]
[1, 35.846102]
[1, 35.909661]
[2, 35.973220]
[1, 36.100339]
[1, 36.163898]
[2, 36.227458]
[2, 36.291017]
[1, 36.354576]
[1, 36.418136]
[1, 36.481695]
[1, 36.608814]
[1, 36.672373]
[2, 36.735932]
[1, 36.863051]
[1, 36.926610]
[1, 36.990169]
[1, 37.053729]
[2, 37.117288]
[2, 37.180847]
[1, 37.244407]
[1, 37.307966]
[2, 37.371525]
[1, 37.498644]
[1, 37.562203]
[1, 37.625763]
[1, 37.689322]
[2, 37.752881]
[2, 37.816441]
[1, 37.880000]
[1, 37.943559]
[1, 38.007119]
[1, 38.070678]
[2, 38.134237]
[2, 38.197797]
[1, 38.261356]
[1, 38.388475]
[3, 38.642712]
[3, 38.769831]
[3, 38.896949]
[3, 39.024068]
[1, 39.278305]
[1, 39.341864]
[1, 39.405424]
[2, 39.532542]
[1, 39.659661]
[1, 39.723220]
[2, 39.786780]
[1, 39.913898]
[1, 39.977458]
[2, 40.041017]
[1, 40.168136]
[2, 40.231695]
[2, 40.295254]
[2, 40.358814]
[1, 40.422373]
[2, 40.549492]
[1, 40.676610]
[1, 40.740169]
[2, 40.803729]
[1, 40.867288]
[2, 40.930847]
[1, 40.994407]
[2, 41.057966]
[1, 41.185085]
[1, 41.248644]
[2, 41.312203]
[2, 41.439322]
[2, 41.566441]
[2, 41.693559]
[2, 41.735932]
[2, 41.778305]
[1, 41.820678]
[2, 41.947797]
[1, 42.074915]
[2, 42.202034]
[2, 42.265593]
[1, 42.329153]
[2, 42.456271]
[3, 42.583390]
[1, 42.668136]
[2, 42.752881]
[3, 42.837627]
[1, 42.922373]
[2, 43.007119]
[3, 43.091864]
[2, 43.176610]
[2, 43.261356]
[3, 43.346102]
[2, 43.430847]
[2, 43.515593]
[3, 43.600339]
[1, 43.727458]
[1, 43.791017]
[2, 43.854576]
[1, 43.981695]
[1, 44.045254]
[2, 44.108814]
[1, 44.235932]
[1, 44.299492]
[2, 44.363051]
[1, 44.490169]
[1, 44.553729]
[2, 44.617288]
[2, 44.680847]
[2, 44.744407]
[2, 44.807966]
[2, 44.871525]
[2, 44.935085]
[2, 44.998644]
[2, 45.062203]
[2, 45.125763]
[2, 45.189322]
[2, 45.252881]
[2, 45.316441]
[2, 45.380000]
[2, 45.443559]
[2, 45.507119]
[2, 45.570678]
[1, 45.634237]
[1, 45.803729]
[1, 45.973220]
[1, 46.057966]
[1, 46.142712]
[2, 46.269831]
[4, 46.524068]
[1, 46.651186]
[1, 46.820678]
[1, 46.990169]
[1, 47.074915]
[4, 47.159661]
[2, 47.329153]
[2, 47.498644]
[3, 47.668136]
[1, 47.795254]
[1, 47.922373]
[1, 48.049492]
[1, 48.176610]
[1, 48.303729]
[1, 48.430847]
[1, 48.557966]
[1, 48.685085]
[1, 48.769831]
[1, 48.854576]
[1, 48.939322]
[1, 49.024068]
[1, 49.108814]
[1, 49.193559]
[1, 49.278305]
[1, 49.363051]
[1, 49.447797]
[1, 49.532542]
[1, 49.617288]
[1, 49.702034]
[1, 49.786780]
[1, 49.871525]
[1, 49.956271]
[1, 50.041017]
[1, 50.125763]
[1, 50.210508]
[1, 50.295254]
[1, 50.380000]
[1, 50.464746]
[1, 50.549492]
[1, 50.634237]
[1, 51.735932]
[1, 51.778305]
[1, 51.820678]
[1, 51.863051]
[2, 51.990169]
[2, 52.117288]
[3, 52.244407]
[2, 52.371525]
[2, 52.625763]
[3, 52.752881]
[2, 52.880000]
[2, 53.134237]
[3, 53.261356]
[2, 53.388475]
[3, 53.515593]
[2, 53.642712]
[3, 53.769831]
[2, 54.024068]
[2, 54.151186]
[3, 54.278305]
[2, 54.405424]
[2, 54.659661]
[3, 54.786780]
[2, 54.913898]
[2, 55.168136]
[3, 55.295254]
[2, 55.422373]
[2, 55.549492]
[1, 55.676610]
[1, 55.740169]
[1, 55.803729]
[2, 56.057966]
[2, 56.185085]
[3, 56.312203]
[2, 56.439322]
[2, 56.693559]
[3, 56.820678]
[2, 56.947797]
[2, 57.202034]
[3, 57.329153]
[2, 57.456271]
[3, 57.583390]
[2, 57.710508]
[3, 57.837627]
[2, 58.091864]
[2, 58.218983]
[3, 58.346102]
[2, 58.473220]
[2, 58.727458]
[3, 58.854576]
[2, 58.981695]
[2, 59.235932]
[2, 59.299492]
[1, 59.363051]
[2, 59.490169]
[2, 59.617288]
[2, 59.744407]
[1, 59.871525]
[1, 59.913898]
[1, 59.956271]
[1, 59.998644]
[4, 60.125763]
[1, 60.252881]
[1, 60.316441]
[1, 60.380000]
[1, 60.507119]
[1, 60.570678]
[2, 60.634237]
[1, 60.761356]
[1, 60.888475]
[1, 61.015593]
[2, 61.142712]
[1, 61.269831]
[1, 61.396949]
[1, 61.460508]
[1, 61.524068]
[2, 61.651186]
[1, 61.778305]
[1, 61.905424]
[1, 62.159661]
[1, 62.223220]
[1, 62.286780]
[1, 62.350339]
[1, 62.413898]
[1, 62.541017]
[2, 62.668136]
[2, 62.731695]
[1, 62.795254]
[1, 63.049492]
[2, 63.176610]
[1, 63.240169]
[1, 63.303729]
[1, 63.367288]
[2, 63.430847]
[2, 63.685085]
[2, 63.812203]
[2, 63.875763]
[1, 63.939322]
[1, 64.193559]
[2, 64.320678]
[1, 64.447797]
[2, 64.574915]
[1, 64.702034]
[1, 64.765593]
[2, 64.829153]
[1, 64.956271]
[2, 65.083390]
[2, 65.146949]
[1, 65.210508]
[2, 65.337627]
[2, 65.401186]
[1, 65.464746]
[2, 65.591864]
[2, 65.846102]
[2, 65.909661]
[1, 65.973220]
[1, 66.036780]
[2, 66.100339]
[1, 66.163898]
[1, 66.227458]
[1, 66.291017]
[2, 66.354576]
[2, 66.418136]
[1, 66.481695]
[2, 66.545254]
[2, 66.608814]
[2, 66.672373]
[1, 66.735932]
[1, 66.799492]
[2, 66.863051]
[2, 66.926610]
[1, 66.990169]
[2, 67.053729]
[2, 67.117288]
[2, 67.180847]
[1, 67.244407]
[1, 67.307966]
[1, 67.371525]
[2, 67.435085]
[1, 67.498644]
[1, 67.562203]
[2, 67.625763]
[1, 67.752881]
[1, 68.007119]
[1, 68.134237]
[1, 68.261356]
[1, 68.388475]
[1, 68.515593]
[1, 68.642712]
[1, 68.769831]
[1, 68.896949]
[1, 69.024068]
[1, 69.108814]
[1, 69.193559]
[1, 69.278305]
[1, 69.363051]
[1, 69.447797]
[1, 69.532542]
[1, 69.617288]
[1, 69.702034]
[1, 69.786780]
[1, 69.871525]
[1, 69.956271]
[1, 70.041017]
[1, 70.125763]
[1, 70.210508]
[1, 70.295254]
[1, 70.380000]
[1, 70.464746]
[1, 70.549492]
[1, 70.634237]
[1, 70.718983]
[1, 70.803729]
[1, 70.888475]
[1, 70.973220]
[1, 71.057966]
[2, 71.185085]
[2, 71.312203]
[2, 71.439322]
[1, 71.566441]
[2, 71.693559]
[2, 71.820678]
[2, 71.947797]
[1, 72.074915]
[1, 72.278305]
[2, 72.380000]
[2, 72.481695]
[1, 72.685085]
[2, 72.888475]
[1, 73.091864]
[2, 73.155424]
[2, 73.218983]
[1, 73.346102]
[1, 73.409661]
[2, 73.473220]
[1, 73.600339]
[1, 73.663898]
[2, 73.727458]
[2, 73.791017]
[1, 73.854576]
[2, 73.918136]
[2, 73.981695]
[1, 74.108814]
[2, 74.172373]
[1, 74.235932]
[1, 74.299492]
[2, 74.363051]
[1, 74.490169]
[2, 74.553729]
[1, 74.617288]
[1, 74.680847]
[2, 74.744407]
[1, 74.871525]
[1, 74.935085]
[2, 74.998644]
[2, 75.062203]
[1, 75.125763]
[1, 75.189322]
[2, 75.252881]
[1, 75.316441]
[2, 75.380000]
[1, 75.443559]
[1, 75.507119]
[1, 75.570678]
[2, 75.634237]
[1, 75.697797]
[1, 75.761356]
[1, 75.824915]
[2, 75.888475]
[2, 75.952034]
[1, 76.015593]
[1, 76.079153]
[2, 76.142712]
[2, 76.269831]
[1, 76.396949]
[2, 76.460508]
[2, 76.524068]
[1, 76.651186]
[2, 76.714746]
[2, 76.778305]
[2, 76.841864]
[1, 76.905424]
[2, 77.032542]
[2, 77.096102]
[2, 77.159661]
[1, 77.286780]
[1, 77.350339]
[2, 77.413898]
[1, 77.477458]
[2, 77.541017]
[2, 77.668136]
[2, 77.795254]
[2, 77.837627]
[2, 77.880000]
[1, 77.922373]
[2, 78.049492]
[1, 78.176610]
[1, 78.303729]
[1, 78.367288]
[1, 78.430847]
[1, 78.557966]
[1, 78.812203]
[1, 78.875763]
[1, 78.939322]
[1, 79.066441]
[1, 79.193559]
[2, 79.320678]
[3, 79.574915]
[1, 79.702034]
[1, 79.765593]
[2, 79.829153]
[2, 79.892712]
[1, 79.956271]
[1, 80.019831]
[2, 80.083390]
[2, 80.146949]
[1, 80.973220]
[1, 81.057966]
[1, 81.142712]
[2, 81.227458]
[1, 81.312203]
[1, 81.396949]
[2, 81.481695]
[1, 81.566441]
[1, 81.651186]
[2, 81.735932]
[1, 81.799492]
[1, 81.863051]
[1, 81.926610]
[2, 81.990169]
[1, 82.053729]
[1, 82.117288]
[1, 82.180847]
[1, 82.244407]
[2, 82.371525]
[2, 82.498644]
[2, 82.541017]
[2, 82.583390]
[2, 82.625763]
[2, 82.668136]
[2, 82.710508]
[1, 82.752881]
[2, 82.880000]
[2, 83.007119]
[2, 83.049492]
[2, 83.091864]
[1, 83.134237]
[2, 83.261356]
[2, 83.303729]
[2, 83.346102]
[1, 83.388475]
[2, 83.515593]
[2, 83.557966]
[2, 83.600339]
[1, 83.642712]
[3, 84.024068]
[4, 85.041017]
[3, 85.295254]
[1, 86.312203]
[1, 86.439322]
[1, 86.502881]
[1, 86.566441]
[1, 86.693559]
[1, 86.947797]
[1, 87.074915]
[2, 87.202034]
[1, 87.329153]
[1, 87.456271]
[1, 87.519831]
[1, 87.583390]
[1, 87.710508]
[4, 88.091864]
[1, 88.346102]
[1, 89.235932]
[1, 89.871525]
[1, 90.125763]
[1, 90.380000]
[1, 90.761356]
[1, 90.824915]
[1, 90.888475]
[1, 91.142712]
[1, 91.206271]
[1, 91.269831]
[1, 91.524068]
[1, 91.587627]
[1, 91.651186]
[2, 91.778305]
[2, 91.841864]
[1, 91.905424]
[1, 91.968983]
[1, 92.032542]
[4, 92.159661]
[1, 92.413898]
[2, 92.541017]
[2, 92.604576]
[1, 92.668136]
[2, 92.795254]
[1, 92.922373]
[2, 92.985932]
[2, 93.049492]
[1, 93.176610]
[2, 93.240169]
[2, 93.303729]
[2, 93.367288]
[1, 93.430847]
[2, 93.557966]
[2, 93.621525]
[1, 93.685085]
[2, 93.812203]
[1, 93.939322]
[2, 94.002881]
[2, 94.066441]
[1, 94.193559]
[2, 94.257119]
[2, 94.320678]
[2, 94.384237]
[1, 94.447797]
[2, 94.702034]
[2, 94.765593]
[2, 94.829153]
[2, 94.892712]
[2, 94.956271]
[2, 95.019831]
[2, 95.083390]
[2, 95.146949]
[1, 95.210508]
[1, 95.274068]
[1, 95.337627]
[1, 95.401186]
[1, 96.481695]
[2, 96.735932]
[1, 96.863051]
[2, 97.117288]
[1, 97.371525]
[2, 97.625763]
[1, 97.880000]
[2, 98.134237]
[1, 98.388475]
[1, 98.515593]
[2, 98.579153]
[1, 98.642712]
[1, 98.706271]
[2, 98.769831]
[1, 98.896949]
[2, 98.960508]
[1, 99.024068]
[1, 99.087627]
[2, 99.151186]
[1, 99.278305]
[2, 99.341864]
[1, 99.405424]
[1, 99.468983]
[3, 99.702034]
[4, 99.871525]
[4, 100.041017]
[4, 100.210508]
[4, 100.380000]
[3, 100.549492]
[1, 100.676610]
[2, 100.803729]
[2, 100.867288]
[1, 100.930847]
[2, 101.057966]
[2, 101.121525]
[1, 101.185085]
[1, 101.248644]
[2, 101.312203]
[2, 101.439322]
[2, 101.502881]
[1, 101.566441]
[2, 101.693559]
[1, 101.820678]
[1, 101.884237]
[2, 101.947797]
[1, 102.011356]
[2, 102.074915]
[2, 102.202034]
[2, 102.244407]
[2, 102.286780]
[1, 102.329153]
[2, 102.456271]
[1, 102.583390]
[1, 102.710508]
[1, 102.774068]
[1, 102.837627]
[1, 102.964746]
[1, 103.218983]
[1, 103.346102]
[1, 103.473220]
[1, 103.600339]
[2, 103.727458]
[2, 103.981695]
[1, 104.108814]
[1, 104.172373]
[1, 104.235932]
[1, 104.299492]
[2, 104.363051]
[2, 104.426610]
[2, 104.490169]
[2, 104.553729]
[1, 105.380000]
[2, 105.464746]
[2, 105.549492]
[1, 105.634237]
[2, 105.718983]
[2, 105.803729]
[1, 105.888475]
[2, 105.973220]
[2, 106.057966]
[1, 106.142712]
[1, 106.206271]
[2, 106.269831]
[2, 106.333390]
[1, 106.396949]
[1, 106.460508]
[2, 106.524068]
[2, 106.587627]
[1, 106.651186]
[1, 106.714746]
[2, 106.778305]
[1, 106.841864]
[1, 106.905424]
[2, 106.968983]
[1, 107.032542]
[1, 107.096102]
[2, 107.159661]
[1, 107.202034]
[1, 107.244407]
[1, 107.286780]
[2, 107.350339]
[1, 107.413898]
[1, 107.456271]
[1, 107.498644]
[2, 107.541017]
[1, 107.795254]
[1, 107.858814]
[2, 107.922373]
[2, 107.985932]
[1, 108.049492]
[2, 108.176610]
[2, 108.240169]
[1, 108.303729]
[2, 108.430847]
[1, 108.557966]
[1, 108.812203]
[2, 108.939322]
[1, 109.002881]
[2, 109.066441]
[2, 109.130000]
[1, 109.193559]
[1, 109.257119]
[2, 109.320678]
[1, 109.384237]
[2, 109.447797]
[2, 109.511356]
[1, 109.574915]
[1, 109.638475]
[2, 109.702034]
[1, 109.765593]
[2, 109.829153]
[2, 109.892712]
[1, 109.956271]
[1, 110.019831]
[2, 110.083390]
[2, 110.146949]
[1, 110.210508]
[1, 110.252881]
[1, 110.295254]
[1, 110.337627]
[1, 110.380000]
[1, 110.422373]
[2, 110.464746]
[3, 110.591864]
[1, 110.718983]
[2, 110.846102]
[1, 110.973220]
[2, 111.100339]
[1, 111.227458]
[2, 111.354576]
[1, 111.481695]
[2, 111.608814]
[1, 111.735932]
[2, 111.863051]
[1, 111.990169]
[2, 112.117288]
[3, 112.244407]
[1, 112.752881]
[1, 113.007119]
[1, 113.261356]
[1, 113.515593]
[1, 113.769831]
[1, 113.939322]
[1, 114.108814]
[1, 114.278305]
[1, 114.447797]
[1, 114.617288]
[2, 114.786780]
[2, 115.295254]
[1, 115.549492]
[3, 115.803729]
[1, 116.820678]
[1, 116.947797]
[2, 117.011356]
[1, 117.074915]
[1, 117.117288]
[1, 117.159661]
[2, 117.202034]
[1, 117.329153]
[2, 117.392712]
[2, 117.519831]
[1, 117.583390]
[1, 117.646949]
[2, 117.710508]
[2, 117.752881]
[2, 117.795254]
[1, 117.837627]
[2, 117.964746]
[1, 118.028305]
[2, 118.091864]
[1, 118.134237]
[1, 118.176610]
[1, 118.218983]
[2, 118.346102]
[1, 118.409661]
[1, 118.473220]
[1, 118.536780]
[2, 118.600339]
[2, 118.642712]
[2, 118.685085]
[1, 118.727458]
[2, 118.854576]
[1, 118.918136]
[2, 118.981695]
[1, 119.045254]
[1, 119.108814]
[1, 119.172373]
[2, 119.235932]
[1, 119.299492]
[1, 119.363051]
[1, 119.426610]
[2, 119.490169]
[1, 119.553729]
[1, 119.617288]
[1, 119.680847]
[2, 119.744407]
[1, 119.998644]
[2, 120.062203]
[1, 120.125763]
[1, 120.252881]
[2, 120.295254]
[2, 120.337627]
[2, 120.380000]
[2, 120.507119]
[2, 120.570678]
[1, 120.634237]
[1, 120.697797]
[1, 120.761356]
[2, 120.888475]
[1, 120.952034]
[2, 121.015593]
[1, 121.079153]
[1, 121.142712]
[1, 121.206271]
[2, 121.269831]
[1, 121.333390]
[1, 121.396949]
[1, 121.460508]
[2, 121.524068]
[1, 121.587627]
[1, 121.651186]
[2, 121.714746]
[1, 121.778305]
[1, 122.032542]
[2, 122.096102]
[1, 122.159661]
[1, 122.286780]
[1, 122.329153]
[2, 122.371525]
[2, 122.413898]
[2, 122.541017]
[2, 122.604576]
[1, 122.668136]
[1, 122.731695]
[1, 122.795254]
[2, 122.922373]
[1, 122.985932]
[2, 123.049492]
[1, 123.113051]
[1, 123.176610]
[1, 123.240169]
[2, 123.303729]
[1, 123.367288]
[1, 123.430847]
[1, 123.494407]
[2, 123.557966]
[1, 123.621525]
[1, 123.685085]
[1, 123.748644]
[2, 123.812203]
[1, 124.066441]
[1, 124.130000]
[1, 124.193559]
[1, 124.320678]
[2, 124.363051]
[2, 124.405424]
[2, 124.447797]
[2, 124.574915]
[2, 124.638475]
[1, 124.702034]
[1, 124.765593]
[2, 124.829153]
[2, 124.956271]
[2, 125.019831]
[1, 125.083390]
[1, 125.146949]
[1, 125.210508]
[1, 125.274068]
[1, 125.337627]
[1, 125.401186]
[2, 125.464746]
[2, 125.528305]
[1, 125.591864]
[2, 125.634237]
[2, 125.676610]
[2, 125.718983]
[2, 127.498644]
[2, 127.562203]
[2, 127.625763]
[2, 127.689322]
[2, 127.752881]
[2, 127.816441]
[2, 127.880000]
[2, 127.943559]
[4, 128.007119]
[4, 129.024068]
[4, 129.214746]
[4, 129.405424]
[4, 129.596102]
[1, 129.786780]
[1, 129.956271]
[4, 130.041017]
[4, 130.231695]
[4, 130.422373]
[4, 130.613051]
[1, 130.803729]
[1, 130.888475]
[1, 130.973220]
[4, 131.057966]
[4, 131.248644]
[4, 131.439322]
[4, 131.630000]
[1, 131.820678]
[1, 131.990169]
[1, 132.032542]
[2, 132.074915]
[2, 132.265593]
[1, 132.456271]
[1, 132.519831]
[2, 132.583390]
[2, 132.774068]
[1, 132.964746]
[1, 133.028305]
[1, 133.091864]
[2, 133.155424]
[2, 133.218983]
[1, 133.282542]
[2, 133.346102]
[2, 133.409661]
[1, 133.473220]
[2, 133.536780]
[2, 133.600339]
[1, 133.663898]
[2, 133.727458]
[2, 133.791017]
[1, 133.854576]
[1, 134.024068]
[1, 134.108814]
[2, 134.172373]
[2, 134.235932]
[1, 134.299492]
[2, 134.363051]
[2, 134.426610]
[1, 134.490169]
[2, 134.553729]
[2, 134.617288]
[1, 134.680847]
[2, 134.744407]
[2, 134.807966]
[1, 134.871525]
[1, 134.956271]
[1, 135.041017]
[2, 135.125763]
[1, 135.252881]
[1, 135.295254]
[1, 135.337627]
[1, 135.380000]
[2, 135.507119]
[1, 135.634237]
[1, 135.697797]
[1, 135.761356]
[2, 135.888475]
[2, 136.015593]
[2, 136.269831]
[2, 136.333390]
[2, 136.396949]
[1, 136.524068]
[2, 136.651186]
[2, 136.778305]
[1, 136.905424]
[1, 137.032542]
[2, 137.286780]
[1, 137.541017]
[1, 137.604576]
[1, 137.668136]
[1, 137.795254]
[1, 137.922373]
[2, 138.049492]
[4, 138.176610]

course: 3
[1, 0.888475]
[2, 1.142712]
[2, 1.269831]
[2, 1.524068]
[1, 1.778305]
[2, 2.032542]
[1, 2.286780]
[2, 2.541017]
[1, 2.795254]
[1, 2.922373]
[2, 3.176610]
[1, 3.303729]
[2, 3.557966]
[2, 3.685085]
[1, 3.939322]
[1, 4.066441]
[3, 4.320678]
[2, 4.702034]
[2, 5.718983]
[3, 5.973220]
[4, 6.227458]
[4, 6.354576]
[4, 6.608814]
[2, 6.863051]
[1, 6.990169]
[1, 7.180847]
[1, 7.371525]
[1, 7.562203]
[1, 7.752881]
[1, 7.922373]
[1, 8.007119]
[1, 8.197797]
[1, 8.388475]
[1, 8.579153]
[1, 8.769831]
[1, 8.854576]
[1, 8.939322]
[1, 9.024068]
[1, 9.214746]
[1, 9.405424]
[1, 9.596102]
[1, 9.786780]
[1, 9.956271]
[1, 10.041017]
[1, 10.231695]
[1, 10.422373]
[1, 10.485932]
[2, 10.549492]
[2, 10.740169]
[2, 10.930847]
[2, 10.994407]
[1, 11.057966]
[1, 11.248644]
[1, 11.439322]
[1, 11.630000]
[1, 11.820678]
[1, 11.990169]
[1, 12.074915]
[1, 12.265593]
[1, 12.456271]
[1, 12.646949]
[1, 12.837627]
[1, 12.922373]
[1, 13.007119]
[2, 13.091864]
[1, 13.218983]
[1, 13.346102]
[2, 13.473220]
[1, 13.600339]
[1, 13.727458]
[2, 13.854576]
[2, 13.981695]
[1, 14.235932]
[1, 14.363051]
[1, 14.490169]
[2, 14.617288]
[2, 14.744407]
[1, 14.871525]
[1, 14.998644]
[1, 15.125763]
[2, 15.380000]
[1, 15.634237]
[2, 15.888475]
[1, 16.142712]
[1, 16.396949]
[2, 16.524068]
[1, 16.651186]
[2, 16.778305]
[1, 16.905424]
[1, 17.159661]
[2, 17.286780]
[1, 17.413898]
[1, 17.668136]
[2, 17.795254]
[1, 17.922373]
[2, 18.049492]
[1, 18.176610]
[2, 18.303729]
[1, 18.430847]
[1, 18.494407]
[1, 18.557966]
[1, 18.621525]
[1, 18.685085]
[3, 18.939322]
[1, 19.193559]
[1, 19.320678]
[4, 19.447797]
[1, 19.702034]
[2, 19.829153]
[1, 19.956271]
[2, 20.083390]
[1, 20.210508]
[1, 20.464746]
[2, 20.591864]
[1, 20.718983]
[2, 20.846102]
[1, 20.973220]
[1, 21.036780]
[1, 21.100339]
[1, 21.163898]
[1, 21.227458]
[2, 21.481695]
[2, 21.735932]
[2, 21.799492]
[2, 21.863051]
[1, 21.990169]
[1, 22.117288]
[2, 22.244407]
[1, 22.498644]
[1, 22.625763]
[1, 22.752881]
[2, 22.880000]
[2, 22.943559]
[1, 23.007119]
[1, 24.278305]
[1, 24.532542]
[2, 24.659661]
[1, 24.786780]
[2, 24.913898]
[1, 25.041017]
[1, 25.295254]
[2, 25.422373]
[1, 25.549492]
[1, 25.803729]
[2, 25.930847]
[1, 26.057966]
[2, 26.185085]
[1, 26.312203]
[2, 26.439322]
[1, 26.566441]
[1, 26.630000]
[1, 26.693559]
[1, 26.757119]
[1, 26.820678]
[3, 27.074915]
[1, 27.329153]
[1, 27.456271]
[4, 27.583390]
[1, 27.837627]
[2, 27.964746]
[1, 28.091864]
[2, 28.218983]
[1, 28.346102]
[1, 28.536780]
[1, 28.727458]
[1, 28.854576]
[2, 28.981695]
[1, 29.108814]
[2, 29.363051]
[2, 29.490169]
[2, 29.617288]
[2, 29.744407]
[1, 29.871525]
[1, 29.998644]
[2, 30.125763]
[2, 30.252881]
[1, 30.380000]
[2, 30.507119]
[1, 30.634237]
[1, 30.697797]
[1, 30.761356]
[1, 30.824915]
[2, 30.888475]
[4, 31.142712]
[1, 31.396949]
[1, 31.524068]
[2, 31.651186]
[1, 31.778305]
[2, 31.905424]
[1, 32.032542]
[2, 32.159661]
[2, 32.223220]
[1, 32.286780]
[2, 32.413898]
[1, 32.541017]
[2, 32.668136]
[2, 32.795254]
[1, 32.922373]
[1, 33.049492]
[1, 33.113051]
[2, 33.176610]
[2, 33.303729]
[2, 33.430847]
[2, 33.557966]
[2, 33.621525]
[1, 33.685085]
[2, 33.812203]
[1, 34.066441]
[1, 34.193559]
[2, 34.320678]
[1, 34.447797]
[2, 34.574915]
[1, 34.702034]
[2, 34.829153]
[1, 34.956271]
[1, 35.083390]
[2, 35.210508]
[2, 35.337627]
[1, 35.464746]
[1, 35.591864]
[1, 35.655424]
[1, 35.718983]
[1, 35.846102]
[1, 35.909661]
[1, 35.973220]
[1, 36.100339]
[1, 36.163898]
[2, 36.227458]
[2, 36.354576]
[1, 36.481695]
[1, 36.608814]
[1, 36.672373]
[1, 36.735932]
[1, 36.863051]
[1, 36.926610]
[1, 36.990169]
[2, 37.117288]
[2, 37.180847]
[1, 37.244407]
[2, 37.371525]
[1, 37.498644]
[1, 37.562203]
[1, 37.625763]
[2, 37.752881]
[1, 37.880000]
[1, 37.943559]
[1, 38.007119]
[2, 38.134237]
[2, 38.197797]
[2, 38.261356]
[1, 38.388475]
[3, 38.642712]
[3, 38.769831]
[3, 38.896949]
[3, 39.024068]
[2, 39.278305]
[1, 39.532542]
[1, 39.659661]
[2, 39.786780]
[1, 39.913898]
[2, 40.041017]
[1, 40.168136]
[2, 40.295254]
[2, 40.358814]
[1, 40.422373]
[2, 40.549492]
[1, 40.676610]
[2, 40.803729]
[2, 40.930847]
[1, 41.057966]
[1, 41.185085]
[1, 41.248644]
[2, 41.312203]
[2, 41.439322]
[2, 41.566441]
[2, 41.693559]
[2, 41.757119]
[1, 41.820678]
[2, 41.947797]
[1, 42.202034]
[1, 42.329153]
[1, 42.456271]
[2, 42.583390]
[2, 42.668136]
[2, 42.752881]
[2, 42.837627]
[2, 42.922373]
[2, 43.007119]
[1, 43.091864]
[1, 43.176610]
[1, 43.261356]
[1, 43.346102]
[1, 43.430847]
[1, 43.515593]
[1, 43.600339]
[1, 43.727458]
[1, 43.791017]
[2, 43.854576]
[1, 43.981695]
[2, 44.108814]
[1, 44.235932]
[1, 44.299492]
[2, 44.363051]
[1, 44.490169]
[2, 44.617288]
[2, 44.744407]
[2, 44.807966]
[2, 44.871525]
[2, 44.998644]
[2, 45.062203]
[2, 45.125763]
[2, 45.252881]
[2, 45.316441]
[2, 45.380000]
[2, 45.443559]
[2, 45.507119]
[1, 45.634237]
[1, 45.803729]
[1, 45.973220]
[1, 46.057966]
[1, 46.142712]
[2, 46.269831]
[4, 46.524068]
[4, 47.159661]
[3, 47.668136]
[1, 47.922373]
[1, 48.049492]
[1, 48.176610]
[1, 48.303729]
[1, 48.430847]
[1, 48.557966]
[1, 48.685085]
[1, 48.769831]
[1, 48.854576]
[1, 48.939322]
[1, 49.024068]
[1, 49.108814]
[1, 49.193559]
[1, 49.278305]
[1, 49.363051]
[1, 49.447797]
[1, 49.532542]
[1, 49.617288]
[1, 51.735932]
[2, 51.990169]
[2, 52.117288]
[1, 52.244407]
[2, 52.371525]
[2, 52.625763]
[1, 52.752881]
[2, 52.880000]
[2, 53.134237]
[1, 53.261356]
[2, 53.388475]
[1, 53.515593]
[1, 53.769831]
[2, 54.024068]
[2, 54.151186]
[1, 54.278305]
[2, 54.405424]
[2, 54.659661]
[1, 54.786780]
[2, 54.913898]
[2, 55.168136]
[1, 55.295254]
[2, 55.422373]
[2, 55.485932]
[2, 55.549492]
[2, 55.676610]
[1, 55.803729]
[2, 56.057966]
[2, 56.185085]
[1, 56.312203]
[2, 56.439322]
[2, 56.693559]
[1, 56.820678]
[2, 56.947797]
[2, 57.202034]
[1, 57.329153]
[2, 57.456271]
[1, 57.583390]
[2, 57.710508]
[1, 57.837627]
[2, 58.091864]
[2, 58.218983]
[1, 58.346102]
[2, 58.473220]
[2, 58.727458]
[1, 58.854576]
[2, 58.981695]
[2, 59.235932]
[2, 59.299492]
[2, 59.363051]
[2, 59.490169]
[2, 59.617288]
[2, 59.744407]
[1, 59.871525]
[4, 60.125763]
[1, 60.252881]
[1, 60.507119]
[2, 60.634237]
[1, 60.761356]
[1, 61.015593]
[2, 61.142712]
[1, 61.269831]
[1, 61.524068]
[2, 61.651186]
[1, 61.778305]
[1, 61.905424]
[1, 62.159661]
[1, 62.223220]
[1, 62.286780]
[1, 62.413898]
[1, 62.541017]
[1, 62.795254]
[2, 63.176610]
[2, 63.430847]
[2, 63.685085]
[1, 63.939322]
[1, 64.193559]
[2, 64.320678]
[1, 64.447797]
[2, 64.574915]
[1, 64.702034]
[2, 64.829153]
[1, 64.956271]
[2, 65.083390]
[2, 65.146949]
[1, 65.210508]
[2, 65.337627]
[1, 65.464746]
[2, 65.591864]
[2, 65.846102]
[1, 65.973220]
[1, 66.100339]
[1, 66.163898]
[1, 66.227458]
[2, 66.354576]
[2, 66.418136]
[1, 66.481695]
[1, 66.608814]
[1, 66.672373]
[1, 66.735932]
[2, 66.863051]
[2, 66.926610]
[1, 66.990169]
[1, 67.117288]
[1, 67.180847]
[1, 67.244407]
[2, 67.371525]
[2, 67.435085]
[1, 67.498644]
[1, 67.625763]
[1, 67.752881]
[3, 68.007119]
[1, 68.261356]
[1, 68.388475]
[1, 68.515593]
[1, 68.642712]
[1, 68.769831]
[1, 68.896949]
[1, 69.024068]
[1, 69.108814]
[1, 69.193559]
[1, 69.278305]
[1, 69.363051]
[1, 69.447797]
[1, 69.532542]
[1, 69.617288]
[1, 69.702034]
[1, 69.786780]
[1, 69.871525]
[1, 69.956271]
[1, 72.074915]
[2, 72.481695]
[1, 72.685085]
[2, 72.888475]
[1, 73.091864]
[1, 73.155424]
[2, 73.218983]
[1, 73.346102]
[2, 73.473220]
[1, 73.600339]
[1, 73.663898]
[2, 73.727458]
[1, 73.854576]
[2, 73.981695]
[1, 74.108814]
[1, 74.172373]
[1, 74.235932]
[1, 74.299492]
[2, 74.363051]
[1, 74.490169]
[1, 74.553729]
[1, 74.617288]
[1, 74.680847]
[2, 74.744407]
[1, 74.871525]
[2, 74.998644]
[1, 75.125763]
[2, 75.252881]
[2, 75.316441]
[2, 75.380000]
[1, 75.507119]
[1, 75.761356]
[1, 75.824915]
[1, 75.888475]
[1, 75.952034]
[1, 76.015593]
[2, 76.142712]
[2, 76.269831]
[1, 76.396949]
[1, 76.524068]
[2, 76.651186]
[2, 76.714746]
[1, 76.778305]
[1, 76.905424]
[2, 77.032542]
[2, 77.159661]
[1, 77.286780]
[1, 77.350339]
[2, 77.413898]
[1, 77.541017]
[2, 77.668136]
[1, 77.795254]
[1, 77.858814]
[2, 77.922373]
[2, 77.985932]
[2, 78.049492]
[1, 78.176610]
[1, 78.303729]
[1, 78.430847]
[1, 78.557966]
[1, 78.812203]
[1, 78.939322]
[1, 79.066441]
[1, 79.193559]
[2, 79.320678]
[3, 79.574915]
[3, 79.829153]
[1, 80.973220]
[1, 81.057966]
[1, 81.142712]
[2, 81.227458]
[1, 81.312203]
[1, 81.396949]
[2, 81.481695]
[1, 81.566441]
[1, 81.651186]
[2, 81.735932]
[2, 81.799492]
[2, 81.863051]
[2, 81.926610]
[1, 81.990169]
[1, 82.244407]
[2, 82.307966]
[2, 82.371525]
[2, 82.435085]
[2, 82.498644]
[2, 82.562203]
[2, 82.625763]
[2, 82.689322]
[1, 82.752881]
[2, 82.816441]
[2, 82.880000]
[2, 82.943559]
[2, 83.007119]
[2, 83.070678]
[1, 83.134237]
[2, 83.197797]
[2, 83.261356]
[2, 83.324915]
[1, 83.388475]
[2, 83.452034]
[2, 83.515593]
[2, 83.579153]
[1, 83.642712]
[3, 84.024068]
[4, 85.041017]
[3, 85.295254]
[1, 86.312203]
[1, 86.439322]
[1, 86.502881]
[1, 86.566441]
[1, 86.693559]
[1, 86.947797]
[1, 87.074915]
[2, 87.202034]
[1, 87.329153]
[1, 87.456271]
[1, 87.519831]
[1, 87.583390]
[1, 87.710508]
[4, 88.091864]
[1, 88.346102]
[2, 88.727458]
[2, 88.981695]
[1, 89.235932]
[2, 89.490169]
[2, 89.744407]
[1, 89.871525]
[1, 90.125763]
[1, 90.380000]
[2, 90.634237]
[1, 90.761356]
[1, 90.888475]
[2, 91.015593]
[1, 91.142712]
[1, 91.269831]
[1, 91.524068]
[1, 91.587627]
[1, 91.651186]
[1, 91.778305]
[1, 91.905424]
[1, 91.968983]
[1, 92.032542]
[4, 92.159661]
[1, 92.413898]
[2, 92.604576]
[1, 92.668136]
[2, 92.795254]
[1, 92.922373]
[2, 92.985932]
[1, 93.176610]
[2, 93.303729]
[1, 93.430847]
[2, 93.621525]
[1, 93.685085]
[2, 93.812203]
[1, 93.939322]
[2, 94.002881]
[1, 94.193559]
[2, 94.320678]
[1, 94.447797]
[2, 94.702034]
[2, 94.765593]
[2, 94.829153]
[2, 94.892712]
[2, 94.956271]
[2, 95.019831]
[2, 95.083390]
[2, 95.146949]
[1, 95.210508]
[1, 96.481695]
[1, 98.515593]
[2, 98.642712]
[2, 98.706271]
[2, 98.769831]
[1, 98.896949]
[2, 99.024068]
[2, 99.087627]
[2, 99.151186]
[1, 99.278305]
[1, 99.341864]
[2, 99.405424]
[2, 99.468983]
[3, 99.702034]
[4, 99.871525]
[4, 100.041017]
[4, 100.210508]
[4, 100.380000]
[3, 100.549492]
[1, 100.676610]
[2, 100.803729]
[2, 100.930847]
[1, 101.057966]
[1, 101.121525]
[2, 101.185085]
[1, 101.312203]
[2, 101.439322]
[1, 101.566441]
[1, 101.630000]
[2, 101.693559]
[1, 101.820678]
[1, 101.884237]
[2, 101.947797]
[2, 102.074915]
[2, 102.202034]
[2, 102.265593]
[1, 102.329153]
[2, 102.456271]
[1, 102.583390]
[1, 102.710508]
[1, 102.837627]
[1, 102.964746]
[1, 103.218983]
[1, 103.346102]
[1, 103.473220]
[1, 103.600339]
[2, 103.727458]
[2, 103.981695]
[1, 104.108814]
[1, 104.172373]
[1, 104.235932]
[1, 104.299492]
[2, 104.363051]
[2, 105.380000]
[2, 105.464746]
[2, 105.549492]
[1, 105.634237]
[2, 105.718983]
[2, 105.803729]
[1, 105.888475]
[2, 105.973220]
[2, 106.057966]
[1, 106.142712]
[1, 106.206271]
[2, 106.269831]
[2, 106.333390]
[1, 106.396949]
[2, 106.524068]
[1, 106.651186]
[1, 106.714746]
[1, 106.778305]
[1, 106.841864]
[2, 106.905424]
[1, 107.032542]
[1, 107.096102]
[1, 107.159661]
[1, 107.223220]
[2, 107.286780]
[1, 107.413898]
[1, 107.456271]
[1, 107.498644]
[2, 107.541017]
[2, 107.795254]
[2, 107.922373]
[1, 108.049492]
[2, 108.176610]
[1, 108.303729]
[2, 108.430847]
[2, 108.557966]
[1, 108.812203]
[2, 108.939322]
[1, 109.066441]
[1, 109.130000]
[1, 109.193559]
[2, 109.320678]
[1, 109.447797]
[1, 109.511356]
[1, 109.574915]
[2, 109.702034]
[1, 109.829153]
[1, 109.892712]
[1, 109.956271]
[2, 110.083390]
[1, 110.210508]
[1, 110.274068]
[1, 110.337627]
[1, 110.401186]
[1, 110.464746]
[3, 110.591864]
[1, 110.718983]
[2, 110.846102]
[1, 110.973220]
[2, 111.100339]
[1, 111.227458]
[2, 111.354576]
[1, 111.481695]
[2, 111.608814]
[4, 112.752881]
[4, 112.943559]
[4, 113.134237]
[4, 113.324915]
[1, 113.515593]
[1, 113.642712]
[4, 113.769831]
[4, 113.960508]
[4, 114.151186]
[4, 114.341864]
[1, 114.532542]
[1, 114.596102]
[1, 114.659661]
[4, 114.786780]
[4, 114.977458]
[4, 115.168136]
[4, 115.358814]
[1, 115.549492]
[1, 115.676610]
[4, 115.803729]
[2, 116.820678]
[1, 116.947797]
[2, 117.011356]
[1, 117.138475]
[2, 117.202034]
[1, 117.329153]
[2, 117.392712]
[2, 117.583390]
[2, 117.710508]
[1, 117.837627]
[2, 117.964746]
[2, 118.028305]
[1, 118.091864]
[1, 118.218983]
[2, 118.346102]
[2, 118.409661]
[1, 118.473220]
[1, 118.600339]
[2, 118.727458]
[2, 118.854576]
[1, 118.981695]
[1, 119.045254]
[1, 119.108814]
[4, 119.235932]
[4, 119.490169]
[4, 119.744407]
[1, 119.998644]
[1, 120.125763]
[2, 120.252881]
[2, 120.316441]
[2, 120.380000]
[2, 120.507119]
[2, 120.634237]
[1, 120.761356]
[2, 120.888475]
[1, 121.015593]
[1, 121.079153]
[1, 121.142712]
[4, 121.269831]
[4, 121.524068]
[3, 121.778305]
[1, 122.032542]
[1, 122.159661]
[1, 122.286780]
[2, 122.350339]
[2, 122.413898]
[2, 122.541017]
[1, 122.668136]
[1, 122.795254]
[2, 122.922373]
[1, 123.049492]
[1, 123.113051]
[1, 123.176610]
[4, 123.303729]
[4, 123.557966]
[4, 123.812203]
[1, 124.066441]
[1, 124.193559]
[2, 124.320678]
[2, 124.384237]
[2, 124.447797]
[2, 124.574915]
[2, 124.702034]
[1, 124.829153]
[2, 124.956271]
[2, 125.019831]
[1, 125.083390]
[1, 125.146949]
[1, 125.210508]
[1, 125.274068]
[1, 125.337627]
[1, 125.401186]
[2, 125.464746]
[2, 125.528305]
[1, 125.591864]
[1, 125.655424]
[2, 125.718983]
[2, 127.498644]
[2, 127.562203]
[2, 127.625763]
[2, 127.689322]
[2, 127.752881]
[2, 127.816441]
[2, 127.880000]
[2, 127.943559]
[4, 128.007119]
[1, 129.024068]
[1, 129.214746]
[1, 129.405424]
[1, 129.596102]
[1, 129.786780]
[1, 129.956271]
[1, 130.041017]
[1, 130.231695]
[1, 130.422373]
[1, 130.613051]
[1, 130.803729]
[1, 130.888475]
[1, 130.973220]
[1, 131.057966]
[1, 131.248644]
[1, 131.439322]
[1, 131.630000]
[1, 131.820678]
[1, 131.990169]
[1, 132.074915]
[1, 132.265593]
[1, 132.456271]
[1, 132.519831]
[2, 132.583390]
[2, 132.774068]
[2, 132.964746]
[1, 133.091864]
[1, 133.155424]
[1, 133.218983]
[1, 133.282542]
[1, 133.346102]
[1, 133.409661]
[1, 133.473220]
[1, 133.536780]
[1, 133.600339]
[1, 133.663898]
[1, 133.727458]
[1, 133.791017]
[2, 133.854576]
[1, 134.108814]
[1, 134.172373]
[1, 134.235932]
[1, 134.299492]
[1, 134.363051]
[1, 134.426610]
[1, 134.490169]
[1, 134.553729]
[1, 134.617288]
[1, 134.680847]
[1, 134.744407]
[1, 134.807966]
[2, 134.871525]
[2, 135.125763]
[1, 135.252881]
[1, 135.380000]
[2, 135.507119]
[1, 135.634237]
[1, 135.761356]
[2, 135.888475]
[2, 136.015593]
[1, 136.269831]
[1, 136.333390]
[1, 136.396949]
[1, 136.524068]
[2, 136.651186]
[2, 136.778305]
[1, 136.905424]
[1, 137.032542]
[2, 137.286780]
[1, 137.541017]
[1, 137.604576]
[1, 137.668136]
[1, 137.795254]
[1, 137.922373]
[2, 138.049492]
[4, 138.176610]

course: 2
[1, 0.888475]
[2, 1.142712]
[2, 1.269831]
[2, 1.524068]
[1, 1.778305]
[2, 2.032542]
[1, 2.286780]
[2, 2.541017]
[1, 2.795254]
[1, 2.922373]
[2, 3.176610]
[2, 3.303729]
[2, 3.557966]
[2, 3.685085]
[1, 3.939322]
[1, 4.066441]
[3, 4.320678]
[1, 4.702034]
[2, 5.718983]
[3, 5.973220]
[3, 6.227458]
[3, 6.354576]
[3, 6.608814]
[2, 10.041017]
[2, 10.231695]
[2, 10.422373]
[2, 10.549492]
[3, 11.057966]
[1, 11.248644]
[1, 11.439322]
[1, 11.630000]
[3, 12.074915]
[1, 12.265593]
[1, 12.456271]
[1, 12.646949]
[1, 13.091864]
[2, 13.346102]
[2, 13.473220]
[2, 13.727458]
[1, 13.981695]
[2, 14.235932]
[2, 14.363051]
[2, 14.617288]
[2, 14.871525]
[1, 15.125763]
[1, 15.634237]
[1, 16.142712]
[1, 16.396949]
[2, 16.524068]
[1, 16.651186]
[1, 16.905424]
[1, 17.159661]
[1, 17.413898]
[1, 17.668136]
[2, 17.795254]
[1, 17.922373]
[2, 18.049492]
[1, 18.176610]
[1, 18.430847]
[1, 18.557966]
[1, 18.685085]
[3, 18.939322]
[1, 19.193559]
[4, 19.447797]
[1, 19.702034]
[2, 19.829153]
[1, 19.956271]
[2, 20.083390]
[1, 20.210508]
[1, 20.464746]
[2, 20.591864]
[1, 20.718983]
[1, 20.973220]
[1, 21.227458]
[2, 21.481695]
[2, 21.735932]
[2, 21.990169]
[2, 22.117288]
[2, 22.244407]
[1, 22.498644]
[2, 22.752881]
[2, 23.007119]
[1, 24.278305]
[1, 24.532542]
[2, 24.659661]
[1, 24.786780]
[1, 25.041017]
[1, 25.295254]
[1, 25.549492]
[1, 25.803729]
[2, 25.930847]
[1, 26.057966]
[2, 26.185085]
[1, 26.312203]
[1, 26.566441]
[1, 26.693559]
[1, 26.820678]
[3, 27.074915]
[1, 27.329153]
[4, 27.583390]
[1, 27.837627]
[2, 27.964746]
[1, 28.091864]
[2, 28.218983]
[1, 28.346102]
[1, 28.536780]
[1, 28.727458]
[1, 28.854576]
[1, 29.108814]
[2, 29.363051]
[2, 29.617288]
[2, 29.871525]
[2, 29.998644]
[2, 30.125763]
[1, 30.380000]
[1, 30.507119]
[1, 30.634237]
[1, 30.761356]
[1, 30.888475]
[4, 31.142712]
[1, 31.396949]
[1, 31.524068]
[2, 31.651186]
[1, 31.905424]
[1, 32.032542]
[2, 32.159661]
[2, 32.286780]
[1, 32.413898]
[2, 32.668136]
[2, 32.795254]
[2, 32.922373]
[2, 33.176610]
[2, 33.430847]
[2, 33.557966]
[1, 33.685085]
[2, 33.812203]
[2, 33.939322]
[1, 34.193559]
[1, 34.447797]
[2, 34.574915]
[1, 34.702034]
[2, 34.829153]
[1, 34.956271]
[2, 35.210508]
[1, 35.464746]
[2, 35.591864]
[1, 35.718983]
[2, 35.846102]
[1, 35.973220]
[1, 36.100339]
[2, 36.227458]
[2, 36.354576]
[1, 36.481695]
[1, 36.608814]
[1, 36.735932]
[2, 36.990169]
[2, 37.117288]
[2, 37.244407]
[2, 38.261356]
[2, 38.388475]
[3, 38.642712]
[3, 38.769831]
[3, 38.896949]
[3, 39.024068]
[2, 39.278305]
[1, 39.532542]
[1, 39.659661]
[2, 39.786780]
[1, 40.041017]
[1, 40.168136]
[2, 40.295254]
[2, 40.422373]
[1, 40.549492]
[2, 40.803729]
[2, 40.930847]
[2, 41.057966]
[2, 41.312203]
[2, 41.566441]
[2, 41.693559]
[1, 41.820678]
[2, 41.947797]
[2, 42.074915]
[1, 42.329153]
[2, 42.583390]
[2, 42.668136]
[2, 42.752881]
[2, 42.837627]
[1, 43.091864]
[1, 43.176610]
[1, 43.261356]
[1, 43.346102]
[1, 43.600339]
[2, 43.854576]
[1, 43.981695]
[2, 44.108814]
[1, 44.235932]
[2, 44.363051]
[2, 44.617288]
[2, 44.744407]
[2, 44.871525]
[2, 44.998644]
[2, 45.125763]
[2, 45.252881]
[2, 45.380000]
[1, 45.634237]
[1, 45.803729]
[1, 45.973220]
[2, 46.269831]
[4, 46.524068]
[4, 47.159661]
[3, 47.668136]
[1, 47.922373]
[1, 48.176610]
[1, 48.430847]
[1, 48.685085]
[1, 48.939322]
[1, 49.193559]
[1, 49.447797]
[1, 51.735932]
[2, 51.990169]
[1, 52.244407]
[2, 52.371525]
[2, 52.625763]
[2, 52.880000]
[2, 53.134237]
[2, 53.388475]
[1, 53.515593]
[1, 53.769831]
[2, 54.024068]
[1, 54.278305]
[2, 54.405424]
[2, 54.659661]
[2, 54.913898]
[2, 55.168136]
[2, 55.422373]
[2, 55.549492]
[1, 55.803729]
[2, 56.057966]
[1, 56.312203]
[2, 56.439322]
[2, 56.693559]
[2, 56.947797]
[2, 57.202034]
[2, 57.456271]
[1, 57.583390]
[1, 57.837627]
[2, 58.091864]
[1, 58.346102]
[2, 58.473220]
[2, 58.727458]
[1, 58.854576]
[2, 59.363051]
[2, 59.490169]
[2, 59.617288]
[1, 59.871525]
[2, 60.125763]
[1, 60.252881]
[1, 60.507119]
[1, 60.761356]
[1, 61.015593]
[1, 61.269831]
[1, 61.524068]
[1, 61.651186]
[1, 61.905424]
[1, 62.413898]
[1, 62.541017]
[1, 62.795254]
[2, 63.176610]
[2, 63.430847]
[2, 63.685085]
[1, 63.939322]
[1, 64.193559]
[1, 64.447797]
[1, 64.702034]
[1, 64.956271]
[1, 65.210508]
[1, 65.464746]
[2, 65.591864]
[2, 65.846102]
[1, 65.973220]
[1, 66.227458]
[2, 66.354576]
[1, 66.481695]
[1, 66.735932]
[2, 66.863051]
[1, 66.990169]
[1, 67.244407]
[1, 67.371525]
[1, 67.498644]
[1, 67.625763]
[1, 67.752881]
[1, 68.007119]
[1, 68.261356]
[1, 68.515593]
[1, 68.769831]
[1, 69.024068]
[1, 69.278305]
[1, 69.532542]
[1, 69.786780]
[2, 72.481695]
[1, 72.685085]
[1, 73.091864]
[1, 73.346102]
[2, 73.473220]
[1, 73.600339]
[2, 73.727458]
[1, 73.854576]
[1, 74.108814]
[2, 74.363051]
[1, 74.490169]
[1, 74.617288]
[2, 74.744407]
[1, 74.871525]
[1, 75.125763]
[1, 75.252881]
[1, 75.507119]
[2, 75.761356]
[2, 75.888475]
[1, 76.142712]
[1, 76.396949]
[1, 76.651186]
[2, 76.778305]
[1, 76.905424]
[1, 77.159661]
[1, 77.413898]
[1, 77.541017]
[2, 77.668136]
[2, 77.795254]
[2, 77.922373]
[1, 78.176610]
[1, 78.303729]
[1, 78.430847]
[1, 78.557966]
[1, 78.812203]
[1, 78.939322]
[1, 79.066441]
[1, 79.193559]
[2, 79.320678]
[3, 79.574915]
[3, 79.829153]
[1, 80.973220]
[1, 81.227458]
[1, 81.312203]
[1, 81.396949]
[1, 81.481695]
[1, 81.735932]
[1, 81.799492]
[1, 81.863051]
[1, 81.990169]
[3, 82.244407]
[2, 82.498644]
[2, 82.625763]
[3, 82.752881]
[2, 83.007119]
[3, 83.134237]
[3, 83.388475]
[3, 83.642712]
[3, 84.024068]
[4, 85.041017]
[3, 85.295254]
[1, 86.312203]
[1, 86.439322]
[1, 86.566441]
[1, 86.693559]
[1, 86.947797]
[1, 87.074915]
[2, 87.202034]
[1, 87.329153]
[1, 87.456271]
[1, 87.583390]
[1, 87.710508]
[4, 88.091864]
[1, 88.346102]
[2, 88.727458]
[2, 88.981695]
[1, 89.235932]
[1, 89.871525]
[1, 90.125763]
[1, 90.380000]
[1, 90.888475]
[1, 91.142712]
[1, 91.269831]
[1, 91.651186]
[1, 91.905424]
[4, 92.159661]
[1, 92.413898]
[2, 92.604576]
[1, 92.795254]
[2, 92.985932]
[1, 93.176610]
[1, 93.430847]
[2, 93.621525]
[1, 93.812203]
[2, 94.002881]
[1, 94.193559]
[1, 94.447797]
[4, 95.464746]
[4, 95.591864]
[4, 95.718983]
[2, 96.481695]
[2, 98.515593]
[2, 98.769831]
[2, 98.896949]
[2, 99.151186]
[2, 99.405424]
[3, 99.702034]
[4, 99.871525]
[4, 100.041017]
[4, 100.210508]
[4, 100.380000]
[3, 100.549492]
[2, 100.803729]
[1, 101.057966]
[2, 101.185085]
[1, 101.312203]
[1, 101.566441]
[1, 101.820678]
[1, 101.947797]
[2, 102.074915]
[2, 102.202034]
[2, 102.329153]
[1, 102.583390]
[1, 102.710508]
[1, 102.837627]
[1, 102.964746]
[1, 103.218983]
[1, 103.346102]
[1, 103.473220]
[1, 103.600339]
[2, 103.727458]
[2, 103.981695]
[1, 104.235932]
[2, 104.363051]
[2, 105.380000]
[2, 105.634237]
[2, 105.718983]
[2, 105.803729]
[2, 105.888475]
[2, 106.142712]
[2, 106.206271]
[2, 106.269831]
[2, 106.396949]
[1, 106.651186]
[1, 106.778305]
[2, 106.905424]
[1, 107.032542]
[1, 107.159661]
[2, 107.286780]
[1, 107.413898]
[2, 107.541017]
[2, 107.795254]
[2, 107.922373]
[2, 108.176610]
[2, 108.430847]
[1, 108.557966]
[1, 108.812203]
[2, 108.939322]
[1, 109.193559]
[2, 109.320678]
[1, 109.574915]
[2, 109.702034]
[1, 109.956271]
[2, 110.083390]
[1, 110.210508]
[2, 110.464746]
[3, 110.591864]
[1, 110.718983]
[1, 110.973220]
[1, 111.227458]
[1, 111.481695]
[4, 112.752881]
[4, 112.943559]
[4, 113.134237]
[4, 113.324915]
[1, 113.515593]
[4, 113.769831]
[4, 113.960508]
[4, 114.151186]
[4, 114.341864]
[1, 114.532542]
[4, 114.786780]
[4, 114.977458]
[4, 115.168136]
[4, 115.358814]
[1, 115.549492]
[1, 115.803729]
[1, 115.930847]
[1, 116.057966]
[1, 116.185085]
[1, 116.312203]
[4, 116.566441]
[2, 116.820678]
[2, 117.011356]
[1, 117.202034]
[1, 117.329153]
[2, 117.456271]
[2, 117.583390]
[1, 117.837627]
[1, 117.964746]
[2, 118.091864]
[2, 118.218983]
[1, 118.346102]
[1, 118.473220]
[2, 118.600339]
[2, 118.854576]
[1, 118.981695]
[4, 119.235932]
[4, 119.490169]
[4, 119.744407]
[1, 119.998644]
[1, 120.252881]
[2, 120.380000]
[2, 120.507119]
[2, 120.634237]
[2, 120.888475]
[1, 121.015593]
[4, 121.269831]
[4, 121.524068]
[3, 121.778305]
[1, 122.032542]
[1, 122.286780]
[1, 122.413898]
[2, 122.541017]
[2, 122.668136]
[2, 122.922373]
[1, 123.049492]
[4, 123.303729]
[4, 123.557966]
[4, 123.812203]
[1, 124.066441]
[1, 124.320678]
[2, 124.447797]
[2, 124.574915]
[2, 124.702034]
[2, 124.956271]
[1, 125.083390]
[1, 125.210508]
[1, 125.337627]
[2, 125.464746]
[1, 125.591864]
[2, 125.718983]
[1, 129.024068]
[1, 129.214746]
[1, 129.405424]
[1, 129.596102]
[1, 130.041017]
[1, 130.231695]
[1, 130.422373]
[1, 130.613051]
[1, 131.057966]
[1, 131.248644]
[1, 131.439322]
[1, 131.630000]
[2, 132.074915]
[2, 132.265593]
[2, 132.456271]
[1, 132.583390]
[1, 132.774068]
[1, 132.964746]
[3, 133.091864]
[3, 133.282542]
[3, 133.473220]
[3, 133.663898]
[3, 134.108814]
[3, 134.299492]
[3, 134.490169]
[3, 134.680847]
[1, 135.125763]
[1, 135.252881]
[1, 135.380000]
[2, 135.634237]
[2, 135.888475]
[2, 136.015593]
[1, 136.269831]
[1, 136.396949]
[2, 136.651186]
[2, 136.778305]
[1, 136.905424]
[1, 137.032542]
[2, 137.286780]
[1, 137.541017]
[1, 137.668136]
[1, 137.795254]
[1, 137.922373]
[2, 138.049492]
[4, 138.303729]

course: 1
[1, 0.888475]
[1, 1.778305]
[1, 2.922373]
[3, 3.939322]
[3, 4.320678]
[3, 5.973220]
[3, 6.227458]
[3, 6.354576]
[3, 6.608814]
[2, 10.041017]
[2, 10.549492]
[3, 11.057966]
[1, 11.248644]
[1, 11.439322]
[1, 11.630000]
[3, 12.074915]
[1, 12.265593]
[1, 12.456271]
[1, 12.646949]
[1, 13.091864]
[1, 13.981695]
[2, 14.617288]
[1, 15.125763]
[1, 15.634237]
[1, 16.142712]
[1, 16.396949]
[2, 16.651186]
[1, 16.905424]
[1, 17.159661]
[1, 17.413898]
[1, 17.795254]
[1, 17.922373]
[1, 18.176610]
[1, 18.430847]
[2, 18.685085]
[3, 18.939322]
[1, 19.193559]
[4, 19.447797]
[1, 19.829153]
[1, 19.956271]
[1, 20.210508]
[1, 20.464746]
[2, 20.718983]
[1, 20.973220]
[1, 21.227458]
[2, 21.735932]
[2, 21.990169]
[2, 22.244407]
[2, 22.752881]
[2, 23.007119]
[1, 24.278305]
[1, 24.532542]
[2, 24.786780]
[1, 25.041017]
[1, 25.295254]
[1, 25.549492]
[1, 25.930847]
[1, 26.057966]
[1, 26.312203]
[1, 26.566441]
[2, 26.820678]
[3, 27.074915]
[1, 27.329153]
[4, 27.583390]
[1, 27.964746]
[1, 28.091864]
[2, 29.363051]
[2, 29.871525]
[2, 30.125763]
[1, 30.380000]
[1, 30.634237]
[1, 30.888475]
[1, 31.396949]
[1, 31.651186]
[1, 31.905424]
[2, 32.159661]
[1, 32.413898]
[1, 32.668136]
[1, 32.922373]
[2, 33.430847]
[2, 33.685085]
[2, 33.939322]
[2, 34.193559]
[1, 34.447797]
[1, 34.702034]
[1, 34.956271]
[1, 35.464746]
[1, 35.718983]
[1, 35.973220]
[2, 36.227458]
[1, 36.481695]
[1, 36.735932]
[1, 36.990169]
[2, 37.244407]
[3, 38.642712]
[3, 38.896949]
[3, 39.024068]
[1, 39.532542]
[1, 39.786780]
[1, 40.041017]
[2, 40.295254]
[1, 40.549492]
[1, 40.803729]
[1, 41.057966]
[2, 41.566441]
[2, 41.820678]
[2, 42.074915]
[2, 42.329153]
[1, 43.600339]
[1, 43.854576]
[1, 44.108814]
[1, 44.363051]
[2, 44.617288]
[2, 44.871525]
[1, 45.125763]
[1, 45.252881]
[1, 45.380000]
[1, 45.634237]
[4, 46.524068]
[4, 47.159661]
[3, 47.668136]
[1, 48.176610]
[1, 48.685085]
[1, 49.193559]
[1, 51.735932]
[2, 52.244407]
[2, 52.752881]
[2, 53.261356]
[1, 53.769831]
[2, 54.278305]
[2, 54.786780]
[2, 55.295254]
[1, 55.803729]
[2, 56.312203]
[2, 56.820678]
[2, 57.329153]
[1, 57.837627]
[2, 58.346102]
[1, 58.854576]
[2, 59.363051]
[2, 59.617288]
[1, 61.905424]
[1, 62.413898]
[1, 62.795254]
[2, 63.176610]
[2, 63.430847]
[2, 63.685085]
[1, 63.939322]
[1, 64.447797]
[1, 64.702034]
[1, 64.956271]
[1, 65.210508]
[1, 65.464746]
[1, 65.973220]
[1, 66.227458]
[1, 66.481695]
[1, 66.735932]
[1, 66.990169]
[1, 67.244407]
[1, 67.498644]
[1, 67.625763]
[1, 67.752881]
[1, 68.007119]
[1, 68.515593]
[1, 69.024068]
[1, 69.532542]
[1, 72.278305]
[1, 72.685085]
[1, 73.091864]
[1, 73.346102]
[1, 73.600339]
[1, 74.108814]
[1, 74.363051]
[1, 74.617288]
[1, 74.871525]
[2, 75.125763]
[2, 75.507119]
[2, 75.888475]
[1, 76.142712]
[1, 76.396949]
[1, 76.651186]
[2, 76.905424]
[1, 77.159661]
[1, 77.413898]
[2, 77.668136]
[2, 77.795254]
[2, 77.922373]
[1, 78.176610]
[1, 78.430847]
[1, 78.557966]
[1, 78.812203]
[1, 79.066441]
[1, 79.193559]
[1, 79.320678]
[3, 79.574915]
[3, 79.829153]
[2, 81.227458]
[2, 81.481695]
[2, 81.735932]
[2, 81.990169]
[3, 82.244407]
[3, 82.752881]
[3, 83.134237]
[3, 83.388475]
[3, 83.642712]
[3, 84.024068]
[1, 88.346102]
[1, 89.235932]
[1, 89.871525]
[1, 90.125763]
[1, 90.380000]
[1, 90.888475]
[1, 91.269831]
[1, 91.651186]
[1, 91.905424]
[1, 92.413898]
[1, 92.795254]
[1, 93.176610]
[2, 93.430847]
[2, 93.812203]
[2, 94.193559]
[1, 94.447797]
[4, 95.464746]
[4, 95.591864]
[4, 95.718983]
[2, 96.481695]
[2, 98.515593]
[1, 100.549492]
[1, 100.803729]
[1, 101.057966]
[2, 101.312203]
[1, 101.566441]
[1, 101.820678]
[2, 102.074915]
[2, 102.202034]
[2, 102.329153]
[1, 102.583390]
[1, 102.837627]
[1, 102.964746]
[1, 103.218983]
[1, 103.473220]
[1, 103.600339]
[1, 103.727458]
[2, 103.981695]
[2, 104.235932]
[2, 105.634237]
[2, 105.888475]
[2, 106.142712]
[2, 106.396949]
[1, 106.651186]
[1, 106.905424]
[1, 107.159661]
[1, 107.413898]
[1, 107.541017]
[2, 107.922373]
[2, 108.176610]
[2, 108.430847]
[2, 108.557966]
[2, 108.939322]
[2, 109.193559]
[2, 109.447797]
[2, 109.702034]
[2, 109.956271]
[2, 110.210508]
[3, 110.591864]
[3, 110.846102]
[3, 110.973220]
[4, 112.752881]
[4, 112.943559]
[4, 113.134237]
[4, 113.324915]
[4, 113.769831]
[4, 113.960508]
[4, 114.151186]
[4, 114.341864]
[4, 114.786780]
[4, 114.977458]
[4, 115.168136]
[4, 115.358814]
[1, 115.803729]
[1, 116.057966]
[1, 116.312203]
[4, 116.566441]
[2, 116.820678]
[1, 117.074915]
[1, 117.329153]
[1, 117.583390]
[1, 117.837627]
[1, 118.091864]
[1, 118.346102]
[1, 118.600339]
[3, 118.854576]
[4, 119.235932]
[4, 119.490169]
[4, 119.744407]
[2, 120.380000]
[2, 120.507119]
[2, 120.634237]
[3, 120.888475]
[4, 121.269831]
[4, 121.524068]
[3, 121.778305]
[1, 122.413898]
[1, 122.541017]
[1, 122.668136]
[3, 122.922373]
[4, 123.303729]
[4, 123.557966]
[4, 123.812203]
[2, 124.447797]
[2, 124.574915]
[2, 124.702034]
[1, 124.956271]
[1, 125.210508]
[2, 125.464746]
[2, 125.718983]
[1, 129.024068]
[1, 129.214746]
[1, 129.405424]
[1, 129.596102]
[1, 130.041017]
[1, 130.231695]
[1, 130.422373]
[1, 130.613051]
[1, 131.057966]
[1, 131.248644]
[1, 131.439322]
[1, 131.630000]
[2, 132.074915]
[2, 132.583390]
[3, 133.091864]
[1, 133.282542]
[1, 133.473220]
[1, 133.663898]
[3, 134.108814]
[1, 134.299492]
[1, 134.490169]
[1, 134.680847]
[1, 135.125763]
[1, 136.015593]
[2, 136.651186]
[2, 136.905424]
[2, 137.032542]
[1, 137.286780]
[1, 137.541017]
[1, 137.668136]
[1, 137.795254]
[1, 137.922373]
[1, 138.049492]
[4, 138.303729]

course: 0
[1, 0.888475]
[1, 2.922373]
[3, 3.939322]
[3, 5.973220]
[2, 10.041017]
[2, 10.549492]
[3, 11.057966]
[3, 12.074915]
[1, 13.091864]
[1, 13.981695]
[1, 15.125763]
[1, 16.142712]
[1, 16.396949]
[1, 16.651186]
[1, 17.159661]
[1, 17.413898]
[1, 18.176610]
[1, 18.430847]
[1, 18.685085]
[1, 19.193559]
[1, 19.447797]
[1, 20.210508]
[1, 20.464746]
[1, 20.718983]
[1, 21.227458]
[2, 22.244407]
[2, 22.752881]
[1, 24.278305]
[1, 24.532542]
[1, 24.786780]
[1, 25.295254]
[1, 25.549492]
[1, 26.312203]
[1, 26.566441]
[1, 26.820678]
[1, 27.329153]
[1, 27.583390]
[2, 29.363051]
[2, 29.871525]
[1, 30.380000]
[1, 30.634237]
[1, 30.888475]
[1, 31.396949]
[1, 31.651186]
[1, 31.905424]
[1, 32.413898]
[1, 32.668136]
[1, 32.922373]
[2, 33.430847]
[2, 33.685085]
[2, 33.939322]
[2, 34.447797]
[2, 34.702034]
[2, 34.956271]
[1, 35.464746]
[1, 35.718983]
[1, 35.973220]
[1, 36.481695]
[1, 36.735932]
[1, 36.990169]
[3, 38.642712]
[3, 39.024068]
[1, 39.532542]
[1, 39.786780]
[1, 40.041017]
[1, 40.549492]
[1, 40.803729]
[1, 41.057966]
[2, 41.566441]
[2, 41.820678]
[2, 42.074915]
[1, 43.600339]
[1, 43.854576]
[1, 44.108814]
[1, 44.617288]
[1, 44.871525]
[1, 45.125763]
[1, 45.380000]
[1, 45.634237]
[4, 46.524068]
[4, 47.159661]
[3, 47.668136]
[1, 48.685085]
[1, 51.735932]
[2, 52.244407]
[2, 53.261356]
[1, 53.769831]
[2, 54.278305]
[2, 55.295254]
[1, 55.803729]
[2, 56.312203]
[2, 57.329153]
[1, 57.837627]
[2, 58.346102]
[2, 59.363051]
[1, 61.905424]
[1, 62.413898]
[1, 62.795254]
[1, 63.430847]
[1, 63.685085]
[1, 63.939322]
[1, 64.956271]
[1, 65.464746]
[1, 65.973220]
[1, 66.227458]
[1, 66.481695]
[1, 66.990169]
[1, 67.244407]
[1, 67.498644]
[1, 68.007119]
[1, 69.024068]
[1, 72.413898]
[1, 73.091864]
[1, 73.346102]
[1, 73.600339]
[1, 74.108814]
[1, 74.363051]
[1, 74.617288]
[2, 75.125763]
[1, 76.142712]
[1, 76.396949]
[1, 76.651186]
[1, 77.159661]
[1, 77.413898]
[1, 77.668136]
[1, 78.176610]
[1, 79.193559]
[3, 79.574915]
[3, 79.829153]
[2, 81.227458]
[2, 81.735932]
[3, 82.244407]
[3, 82.752881]
[3, 83.134237]
[3, 83.388475]
[3, 83.642712]
[1, 88.346102]
[1, 89.235932]
[1, 89.871525]
[1, 90.125763]
[1, 90.380000]
[1, 90.888475]
[1, 91.269831]
[1, 91.905424]
[1, 92.413898]
[1, 92.795254]
[2, 93.430847]
[2, 93.812203]
[1, 94.447797]
[1, 94.702034]
[4, 95.464746]
[4, 95.718983]
[2, 96.481695]
[2, 98.515593]
[1, 100.549492]
[1, 100.803729]
[1, 101.057966]
[1, 101.566441]
[1, 101.820678]
[1, 102.074915]
[1, 102.583390]
[1, 103.600339]
[1, 103.981695]
[2, 105.634237]
[2, 106.142712]
[1, 106.651186]
[1, 106.905424]
[1, 107.159661]
[1, 107.541017]
[1, 107.922373]
[1, 108.176610]
[2, 108.557966]
[2, 108.939322]
[2, 109.193559]
[2, 109.447797]
[2, 109.702034]
[2, 109.956271]
[2, 110.210508]
[3, 110.591864]
[4, 112.752881]
[4, 113.134237]
[4, 113.769831]
[4, 114.151186]
[4, 114.786780]
[4, 115.168136]
[1, 115.803729]
[1, 116.057966]
[1, 116.312203]
[1, 116.820678]
[1, 117.074915]
[1, 117.329153]
[1, 117.837627]
[1, 118.091864]
[1, 118.346102]
[3, 118.854576]
[4, 119.235932]
[4, 119.490169]
[4, 119.744407]
[2, 120.380000]
[3, 120.888475]
[4, 121.269831]
[4, 121.524068]
[3, 121.778305]
[1, 122.413898]
[3, 122.922373]
[4, 123.303729]
[4, 123.557966]
[4, 123.812203]
[2, 124.447797]
[1, 124.956271]
[1, 125.464746]
[1, 129.024068]
[1, 130.041017]
[1, 131.057966]
[2, 132.074915]
[2, 132.583390]
[3, 133.091864]
[3, 134.108814]
[1, 135.125763]
[1, 136.015593]
