course: 4
[2, 1.000000]
[2, 1.292208]
[1, 1.584416]
[2, 1.779221]
[2, 2.071429]
[1, 2.363636]
[2, 2.558442]
[2, 2.850649]
[1, 3.142857]
[4, 3.337662]
[4, 3.727273]
[2, 4.116883]
[2, 4.409091]
[1, 4.701299]
[2, 4.896104]
[2, 5.188312]
[1, 5.480519]
[4, 5.675325]
[4, 6.064935]
[4, 6.454545]
[4, 6.844156]
[1, 7.233766]
[2, 7.428571]
[1, 7.623377]
[2, 7.720779]
[1, 7.818182]
[2, 7.915584]
[1, 8.012987]
[2, 8.207792]
[1, 8.402597]
[2, 8.500000]
[1, 8.597403]
[2, 8.694805]
[1, 8.792208]
[2, 8.987013]
[1, 9.181818]
[2, 9.279221]
[1, 9.376623]
[2, 9.474026]
[1, 9.571429]
[2, 9.766234]
[2, 9.863636]
[1, 9.961039]
[2, 10.155844]
[1, 10.350649]
[2, 10.545455]
[1, 10.740260]
[2, 10.837662]
[1, 10.935065]
[2, 11.032468]
[1, 11.129870]
[2, 11.324675]
[1, 11.519481]
[2, 11.616883]
[1, 11.714286]
[2, 11.811688]
[1, 11.909091]
[1, 12.103896]
[2, 12.298701]
[2, 12.493506]
[1, 12.688312]
[1, 12.785714]
[2, 12.883117]
[2, 12.980519]
[1, 13.077922]
[2, 13.272727]
[1, 13.467532]
[2, 13.662338]
[1, 13.857143]
[2, 13.954545]
[1, 14.051948]
[2, 14.149351]
[1, 14.246753]
[2, 14.441558]
[1, 14.636364]
[2, 14.733766]
[1, 14.831169]
[2, 14.928571]
[1, 15.025974]
[2, 15.220779]
[1, 15.415584]
[2, 15.512987]
[1, 15.610390]
[2, 15.707792]
[1, 15.805195]
[2, 16.000000]
[2, 16.097403]
[1, 16.194805]
[2, 16.389610]
[1, 16.584416]
[1, 16.779221]
[1, 16.876623]
[2, 16.974026]
[1, 17.168831]
[1, 17.266234]
[2, 17.363636]
[1, 17.558442]
[1, 17.655844]
[2, 17.753247]
[2, 17.850649]
[1, 17.948052]
[1, 18.045455]
[2, 18.142857]
[2, 18.337662]
[2, 18.435065]
[1, 18.532468]
[1, 18.727273]
[2, 18.922078]
[1, 19.311688]
[2, 19.506494]
[1, 19.701299]
[2, 19.896104]
[1, 20.090909]
[2, 20.188312]
[1, 20.285714]
[2, 20.383117]
[1, 20.480519]
[2, 20.675325]
[1, 20.870130]
[2, 20.967532]
[1, 21.064935]
[2, 21.162338]
[1, 21.259740]
[2, 21.454545]
[1, 21.649351]
[2, 21.746753]
[1, 21.844156]
[2, 21.941558]
[1, 22.038961]
[2, 22.233766]
[2, 22.331169]
[1, 22.428571]
[2, 22.623377]
[1, 22.818182]
[2, 23.012987]
[1, 23.207792]
[2, 23.305195]
[1, 23.402597]
[2, 23.500000]
[1, 23.597403]
[2, 23.792208]
[1, 23.987013]
[2, 24.084416]
[1, 24.181818]
[2, 24.279221]
[1, 24.376623]
[1, 24.571429]
[2, 24.766234]
[2, 24.961039]
[1, 25.155844]
[1, 25.253247]
[2, 25.350649]
[2, 25.448052]
[1, 25.545455]
[2, 25.740260]
[1, 25.935065]
[2, 26.129870]
[1, 26.324675]
[2, 26.422078]
[1, 26.519481]
[2, 26.616883]
[1, 26.714286]
[2, 26.909091]
[1, 27.103896]
[2, 27.201299]
[1, 27.298701]
[2, 27.396104]
[1, 27.493506]
[2, 27.688312]
[1, 27.883117]
[2, 27.980519]
[1, 28.077922]
[2, 28.175325]
[1, 28.272727]
[2, 28.467532]
[2, 28.564935]
[1, 28.662338]
[2, 28.857143]
[1, 29.051948]
[1, 29.149351]
[2, 29.246753]
[2, 29.344156]
[1, 29.441558]
[1, 29.538961]
[2, 29.636364]
[2, 29.733766]
[1, 29.831169]
[2, 30.025974]
[2, 30.220779]
[2, 30.415584]
[2, 30.512987]
[1, 30.610390]
[3, 30.902597]
[3, 31.194805]
[1, 32.168831]
[2, 32.558442]
[2, 32.850649]
[1, 32.948052]
[1, 33.142857]
[2, 33.337662]
[2, 33.532468]
[1, 33.727273]
[2, 34.116883]
[2, 34.409091]
[1, 34.506494]
[1, 34.701299]
[2, 34.896104]
[1, 35.090909]
[1, 35.285714]
[2, 35.675325]
[2, 35.967532]
[1, 36.064935]
[1, 36.259740]
[2, 36.454545]
[2, 36.649351]
[1, 36.844156]
[2, 37.233766]
[2, 37.525974]
[1, 37.623377]
[1, 37.818182]
[2, 38.012987]
[1, 38.402597]
[2, 38.792208]
[2, 39.084416]
[1, 39.181818]
[1, 39.376623]
[2, 39.571429]
[2, 39.766234]
[1, 39.961039]
[2, 40.350649]
[2, 40.642857]
[1, 40.740260]
[1, 40.935065]
[2, 41.129870]
[1, 41.324675]
[1, 41.519481]
[2, 41.909091]
[2, 42.201299]
[1, 42.298701]
[1, 42.493506]
[2, 42.688312]
[2, 42.883117]
[1, 43.077922]
[2, 43.467532]
[2, 43.759740]
[1, 43.857143]
[1, 44.051948]
[2, 44.246753]
[1, 44.636364]
[1, 45.025974]
[2, 45.415584]
[2, 45.805195]
[1, 46.194805]
[1, 46.389610]
[1, 46.487013]
[2, 46.584416]
[1, 46.779221]
[1, 47.753247]
[1, 47.948052]
[1, 48.142857]
[2, 48.532468]
[2, 48.922078]
[1, 49.311688]
[1, 49.701299]
[1, 49.896104]
[1, 50.870130]
[1, 51.259740]
[2, 51.649351]
[2, 52.038961]
[1, 52.428571]
[1, 52.623377]
[1, 52.720779]
[2, 52.818182]
[1, 53.012987]
[1, 53.207792]
[3, 53.597403]
[3, 53.792208]
[3, 53.987013]
[3, 54.181818]
[4, 54.571429]
[4, 54.766234]
[4, 55.155844]
[1, 57.103896]
[1, 57.298701]
[1, 57.396104]
[2, 57.493506]
[1, 57.688312]
[2, 57.883117]
[2, 57.980519]
[1, 58.077922]
[1, 58.175325]
[2, 58.272727]
[1, 58.467532]
[1, 58.564935]
[1, 58.662338]
[1, 58.857143]
[1, 58.954545]
[2, 59.051948]
[1, 59.246753]
[2, 59.441558]
[2, 59.538961]
[1, 59.636364]
[1, 59.733766]
[2, 59.831169]
[1, 60.025974]
[1, 60.123377]
[1, 60.220779]
[1, 60.415584]
[1, 60.512987]
[2, 60.610390]
[1, 60.805195]
[2, 61.000000]
[2, 61.097403]
[1, 61.194805]
[1, 61.292208]
[2, 61.389610]
[1, 61.584416]
[1, 61.681818]
[1, 61.779221]
[1, 61.974026]
[1, 62.071429]
[2, 62.168831]
[1, 62.363636]
[2, 62.558442]
[2, 62.948052]
[2, 63.142857]
[1, 63.337662]
[1, 63.532468]
[1, 63.629870]
[2, 63.727273]
[1, 63.922078]
[2, 64.116883]
[2, 64.214286]
[1, 64.311688]
[1, 64.409091]
[2, 64.506494]
[1, 64.701299]
[1, 64.798701]
[1, 64.896104]
[1, 65.090909]
[1, 65.188312]
[2, 65.285714]
[1, 65.480519]
[2, 65.675325]
[2, 65.772727]
[1, 65.870130]
[1, 65.967532]
[2, 66.064935]
[1, 66.259740]
[1, 66.357143]
[1, 66.454545]
[1, 66.649351]
[1, 66.746753]
[2, 66.844156]
[1, 67.038961]
[1, 67.136364]
[2, 67.233766]
[1, 67.428571]
[1, 67.525974]
[2, 67.623377]
[2, 67.720779]
[1, 67.818182]
[1, 68.012987]
[1, 68.207792]
[1, 68.305195]
[2, 68.402597]
[1, 68.597403]
[2, 68.792208]
[2, 69.181818]
[2, 69.376623]
[1, 69.571429]
[1, 69.766234]
[1, 69.863636]
[2, 69.961039]
[1, 70.155844]
[2, 70.350649]
[2, 70.448052]
[1, 70.545455]
[1, 70.642857]
[2, 70.740260]
[1, 70.935065]
[1, 71.032468]
[1, 71.129870]
[1, 71.324675]
[1, 71.422078]
[2, 71.519481]
[1, 71.714286]
[2, 71.909091]
[2, 72.006494]
[1, 72.103896]
[1, 72.201299]
[2, 72.298701]
[1, 72.493506]
[1, 72.590909]
[1, 72.688312]
[1, 72.883117]
[1, 72.980519]
[2, 73.077922]
[1, 73.272727]
[2, 73.467532]
[2, 73.564935]
[1, 73.662338]
[1, 73.759740]
[2, 73.857143]
[1, 74.051948]
[1, 74.149351]
[1, 74.246753]
[1, 74.441558]
[1, 74.538961]
[2, 74.636364]
[1, 74.831169]
[2, 75.025974]
[2, 75.415584]
[2, 75.610390]
[1, 75.805195]
[1, 76.000000]
[1, 76.097403]
[2, 76.194805]
[1, 76.389610]
[2, 76.584416]
[2, 76.681818]
[1, 76.779221]
[1, 76.876623]
[2, 76.974026]
[1, 77.168831]
[1, 77.266234]
[1, 77.363636]
[1, 77.558442]
[1, 77.655844]
[2, 77.753247]
[1, 77.948052]
[2, 78.142857]
[2, 78.240260]
[1, 78.337662]
[1, 78.435065]
[2, 78.532468]
[1, 78.727273]
[1, 78.824675]
[1, 78.922078]
[1, 79.116883]
[1, 79.214286]
[2, 79.311688]
[1, 79.506494]
[1, 79.603896]
[2, 79.701299]
[1, 79.896104]
[1, 79.993506]
[2, 80.090909]
[2, 80.188312]
[1, 80.285714]
[1, 80.480519]
[1, 80.675325]
[1, 80.772727]
[2, 80.870130]
[1, 81.064935]
[2, 82.038961]
[2, 82.233766]
[2, 82.428571]
[2, 82.623377]
[2, 82.818182]
[2, 83.012987]
[2, 83.207792]
[2, 83.305195]
[1, 83.402597]
[1, 83.597403]
[1, 83.792208]
[1, 83.987013]
[1, 84.181818]
[1, 84.376623]
[1, 84.571429]
[2, 84.766234]
[2, 84.863636]
[1, 84.961039]
[2, 85.155844]
[2, 85.350649]
[2, 85.545455]
[2, 85.740260]
[2, 85.935065]
[2, 86.129870]
[2, 86.324675]
[2, 86.422078]
[1, 86.519481]
[1, 86.714286]
[1, 86.909091]
[1, 87.006494]
[2, 87.103896]
[2, 87.298701]
[2, 87.396104]
[1, 87.493506]
[1, 87.590909]
[2, 87.688312]
[2, 87.785714]
[1, 87.883117]
[1, 88.077922]
[2, 88.272727]
[1, 88.370130]
[1, 88.467532]
[2, 88.564935]
[2, 88.759740]
[1, 88.857143]
[2, 89.051948]
[1, 89.149351]
[1, 89.246753]
[2, 89.344156]
[2, 89.538961]
[1, 89.636364]
[2, 89.831169]
[1, 89.928571]
[1, 90.025974]
[2, 90.123377]
[2, 90.318182]
[1, 90.415584]
[2, 90.610390]
[1, 90.707792]
[1, 90.805195]
[2, 90.902597]
[2, 91.097403]
[1, 91.194805]
[2, 91.389610]
[1, 91.487013]
[1, 91.584416]
[2, 91.681818]
[2, 91.876623]
[1, 91.974026]
[1, 92.071429]
[2, 92.168831]
[1, 92.266234]
[1, 92.363636]
[2, 92.461039]
[2, 92.655844]
[1, 92.753247]
[1, 92.850649]
[2, 92.948052]
[1, 93.045455]
[1, 93.142857]
[2, 93.240260]
[2, 93.435065]
[1, 93.532468]
[1, 93.629870]
[2, 93.727273]
[1, 93.824675]
[1, 93.922078]
[2, 94.019481]
[2, 94.214286]
[2, 94.311688]
[1, 94.506494]
[1, 94.603896]
[1, 94.701299]
[1, 94.798701]
[2, 94.896104]
[2, 94.993506]
[1, 95.090909]
[1, 95.188312]
[1, 95.285714]
[1, 95.480519]
[2, 95.675325]
[2, 95.740260]
[2, 95.805195]
[1, 95.870130]
[1, 96.064935]
[1, 96.162338]
[1, 96.259740]
[1, 96.357143]
[2, 96.454545]
[2, 96.551948]
[1, 96.649351]
[1, 96.746753]
[1, 96.844156]
[1, 97.038961]
[2, 97.233766]
[2, 97.298701]
[2, 97.363636]
[1, 97.428571]
[1, 97.623377]
[1, 97.720779]
[1, 97.818182]
[1, 97.915584]
[2, 98.012987]
[2, 98.110390]
[1, 98.207792]
[1, 98.305195]
[2, 98.402597]
[2, 98.500000]
[1, 98.597403]
[1, 98.694805]
[2, 98.792208]
[2, 98.889610]
[1, 98.987013]
[1, 99.084416]
[1, 100.740260]
[1, 100.837662]
[1, 100.935065]
[1, 101.032468]
[2, 101.129870]
[2, 101.227273]
[2, 101.324675]
[2, 101.422078]
[1, 101.519481]
[1, 101.616883]
[1, 101.714286]
[1, 101.811688]
[2, 101.909091]
[2, 102.006494]
[1, 102.103896]
[1, 102.201299]
[1, 102.298701]
[1, 102.396104]
[2, 102.493506]
[2, 102.590909]
[1, 102.688312]
[1, 102.785714]
[2, 102.883117]
[2, 102.980519]
[1, 103.857143]
[1, 103.954545]
[1, 104.051948]
[1, 104.149351]
[2, 104.246753]
[2, 104.441558]
[1, 104.636364]
[1, 104.733766]
[1, 104.831169]
[1, 104.928571]
[2, 105.025974]
[2, 105.123377]
[1, 105.220779]
[1, 105.318182]
[1, 105.415584]
[2, 105.805195]
[1, 106.000000]
[1, 106.974026]
[1, 107.071429]
[1, 107.168831]
[1, 107.266234]
[2, 107.363636]
[2, 107.461039]
[2, 107.558442]
[2, 107.655844]
[1, 107.753247]
[1, 107.850649]
[1, 107.948052]
[1, 108.045455]
[2, 108.142857]
[2, 108.240260]
[2, 108.337662]
[2, 108.435065]
[1, 108.532468]
[2, 108.727273]
[1, 108.922078]
[1, 109.019481]
[2, 109.116883]
[2, 110.090909]
[2, 110.285714]
[2, 110.383117]
[1, 110.480519]
[1, 110.577922]
[2, 110.675325]
[2, 110.772727]
[2, 110.870130]
[2, 110.967532]
[1, 111.064935]
[1, 111.162338]
[1, 111.259740]
[1, 111.357143]
[2, 111.454545]
[2, 111.551948]
[1, 111.649351]
[3, 111.941558]
[3, 112.233766]
[1, 113.207792]
[1, 113.597403]
[2, 113.987013]
[2, 114.376623]
[1, 114.766234]
[1, 114.961039]
[1, 115.058442]
[2, 115.155844]
[1, 115.350649]
[1, 116.324675]
[1, 116.519481]
[1, 116.714286]
[2, 117.103896]
[2, 117.493506]
[1, 117.883117]
[1, 118.272727]
[1, 118.467532]
[1, 119.441558]
[1, 119.831169]
[2, 120.220779]
[2, 120.610390]
[1, 121.000000]
[1, 121.194805]
[1, 121.292208]
[2, 121.389610]
[1, 121.584416]
[1, 121.779221]
[3, 122.168831]
[3, 122.363636]
[3, 122.558442]
[3, 122.753247]
[4, 123.142857]
[4, 123.337662]
[4, 123.727273]
[3, 125.675325]
[1, 131.519481]
[1, 131.714286]
[2, 131.909091]
[2, 132.201299]
[2, 132.493506]
[2, 132.688312]
[2, 133.272727]
[2, 133.467532]
[2, 133.662338]
[1, 133.857143]
[1, 134.051948]
[2, 134.246753]
[1, 134.636364]
[1, 134.831169]
[2, 135.025974]
[2, 135.415584]
[2, 135.805195]
[2, 136.194805]
[2, 136.584416]
[2, 136.779221]
[2, 136.974026]
[2, 137.168831]
[1, 137.363636]
[1, 137.461039]
[1, 137.558442]
[1, 137.655844]
[2, 137.753247]
[2, 137.850649]
[2, 137.948052]
[2, 138.045455]
[1, 138.142857]
[1, 138.337662]
[1, 138.435065]
[2, 138.532468]
[1, 138.727273]
[2, 138.922078]
[2, 139.019481]
[1, 139.116883]
[1, 139.214286]
[2, 139.311688]
[1, 139.506494]
[1, 139.603896]
[1, 139.701299]
[1, 139.896104]
[1, 139.993506]
[2, 140.090909]
[1, 140.285714]
[2, 140.480519]
[2, 140.577922]
[1, 140.675325]
[1, 140.772727]
[2, 140.870130]
[1, 141.064935]
[1, 141.162338]
[1, 141.259740]
[1, 141.454545]
[1, 141.551948]
[2, 141.649351]
[1, 141.844156]
[2, 142.038961]
[2, 142.136364]
[1, 142.233766]
[1, 142.331169]
[2, 142.428571]
[1, 142.623377]
[1, 142.720779]
[1, 142.818182]
[1, 143.012987]
[1, 143.110390]
[2, 143.207792]
[1, 143.402597]
[2, 143.597403]
[2, 143.987013]
[2, 144.181818]
[1, 144.376623]
[1, 144.571429]
[1, 144.668831]
[2, 144.766234]
[1, 144.961039]
[2, 145.155844]
[2, 145.253247]
[1, 145.350649]
[1, 145.448052]
[2, 145.545455]
[1, 145.740260]
[1, 145.837662]
[1, 145.935065]
[1, 146.129870]
[1, 146.227273]
[2, 146.324675]
[1, 146.519481]
[2, 146.714286]
[2, 146.811688]
[1, 146.909091]
[1, 147.006494]
[2, 147.103896]
[1, 147.298701]
[1, 147.396104]
[1, 147.493506]
[1, 147.688312]
[1, 147.785714]
[2, 147.883117]
[1, 148.077922]
[1, 148.175325]
[2, 148.272727]
[1, 148.467532]
[1, 148.564935]
[2, 148.662338]
[2, 148.759740]
[1, 148.857143]
[1, 149.051948]
[1, 149.246753]
[1, 149.344156]
[2, 149.441558]
[1, 149.636364]
[1, 150.610390]
[2, 150.805195]
[1, 151.000000]
[2, 151.097403]
[1, 151.194805]
[2, 151.292208]
[1, 151.389610]
[2, 151.584416]
[1, 151.779221]
[2, 151.876623]
[1, 151.974026]
[2, 152.071429]
[1, 152.168831]
[2, 152.363636]
[1, 152.558442]
[2, 152.655844]
[1, 152.753247]
[2, 152.850649]
[1, 152.948052]
[2, 153.142857]
[2, 153.240260]
[1, 153.337662]
[2, 153.532468]
[1, 153.727273]
[2, 153.922078]
[1, 154.116883]
[2, 154.214286]
[1, 154.311688]
[2, 154.409091]
[1, 154.506494]
[2, 154.701299]
[1, 154.896104]
[2, 154.993506]
[1, 155.090909]
[2, 155.188312]
[1, 155.285714]
[1, 155.480519]
[2, 155.675325]
[2, 155.870130]
[1, 156.064935]
[1, 156.162338]
[2, 156.259740]
[2, 156.357143]
[1, 156.454545]
[2, 156.649351]
[1, 156.844156]
[2, 157.038961]
[1, 157.233766]
[2, 157.331169]
[1, 157.428571]
[2, 157.525974]
[1, 157.623377]
[2, 157.818182]
[1, 158.012987]
[2, 158.110390]
[1, 158.207792]
[2, 158.305195]
[1, 158.402597]
[2, 158.597403]
[1, 158.792208]
[2, 158.889610]
[1, 158.987013]
[2, 159.084416]
[1, 159.181818]
[2, 159.376623]
[2, 159.474026]
[1, 159.571429]
[2, 159.766234]
[1, 159.961039]
[1, 160.155844]
[1, 160.253247]
[2, 160.350649]
[1, 160.545455]
[1, 160.642857]
[2, 160.740260]
[1, 160.935065]
[1, 161.032468]
[2, 161.129870]
[2, 161.227273]
[1, 161.324675]
[1, 161.422078]
[2, 161.519481]
[2, 161.714286]
[2, 161.811688]
[1, 161.909091]
[1, 162.103896]
[2, 162.298701]
[1, 162.688312]
[2, 162.883117]
[1, 163.077922]
[2, 163.272727]
[1, 163.467532]
[2, 163.564935]
[1, 163.662338]
[2, 163.759740]
[1, 163.857143]
[2, 164.051948]
[1, 164.246753]
[2, 164.344156]
[1, 164.441558]
[2, 164.538961]
[1, 164.636364]
[2, 164.831169]
[1, 165.025974]
[2, 165.123377]
[1, 165.220779]
[2, 165.318182]
[1, 165.415584]
[2, 165.610390]
[2, 165.707792]
[1, 165.805195]
[2, 166.000000]
[1, 166.194805]
[2, 166.389610]
[1, 166.584416]
[2, 166.681818]
[1, 166.779221]
[2, 166.876623]
[1, 166.974026]
[2, 167.168831]
[1, 167.363636]
[2, 167.461039]
[1, 167.558442]
[2, 167.655844]
[1, 167.753247]
[1, 167.948052]
[2, 168.142857]
[2, 168.337662]
[1, 168.532468]
[1, 168.629870]
[2, 168.727273]
[2, 168.824675]
[1, 168.922078]
[2, 169.116883]
[1, 169.311688]
[2, 169.506494]
[1, 169.701299]
[2, 169.798701]
[1, 169.896104]
[2, 169.993506]
[1, 170.090909]
[2, 170.285714]
[1, 170.480519]
[2, 170.577922]
[1, 170.675325]
[2, 170.772727]
[1, 170.870130]
[2, 171.064935]
[1, 171.259740]
[2, 171.357143]
[1, 171.454545]
[2, 171.551948]
[1, 171.649351]
[2, 171.844156]
[2, 171.941558]
[1, 172.038961]
[2, 172.233766]
[1, 172.428571]
[1, 172.525974]
[2, 172.623377]
[2, 172.720779]
[1, 172.818182]
[1, 172.915584]
[2, 173.012987]
[2, 173.110390]
[1, 173.207792]
[2, 173.402597]
[2, 173.597403]
[2, 173.792208]
[2, 173.889610]
[1, 173.987013]
[3, 174.279221]
[3, 174.571429]
[3, 174.766234]
[2, 175.155844]
[1, 175.350649]
[1, 175.448052]
[1, 175.545455]
[3, 175.837662]
[3, 176.129870]
[3, 176.324675]

course: 3
[1, 1.000000]
[1, 1.292208]
[1, 1.584416]
[1, 1.779221]
[1, 2.071429]
[1, 2.363636]
[1, 2.558442]
[1, 2.850649]
[1, 3.142857]
[2, 3.337662]
[2, 3.727273]
[1, 4.116883]
[1, 4.409091]
[1, 4.701299]
[1, 4.896104]
[1, 5.188312]
[1, 5.480519]
[2, 5.675325]
[2, 6.064935]
[1, 6.454545]
[2, 6.844156]
[2, 7.233766]
[2, 7.428571]
[1, 7.623377]
[1, 7.720779]
[1, 7.818182]
[2, 8.012987]
[2, 8.207792]
[1, 8.402597]
[1, 8.500000]
[1, 8.597403]
[2, 8.792208]
[2, 8.987013]
[1, 9.181818]
[1, 9.279221]
[1, 9.376623]
[1, 9.571429]
[1, 9.766234]
[1, 9.863636]
[1, 9.961039]
[1, 10.155844]
[2, 10.350649]
[2, 10.545455]
[1, 10.740260]
[1, 10.837662]
[1, 10.935065]
[2, 11.129870]
[2, 11.324675]
[1, 11.519481]
[1, 11.616883]
[1, 11.714286]
[1, 11.909091]
[2, 12.103896]
[2, 12.298701]
[2, 12.493506]
[2, 12.688312]
[2, 12.785714]
[2, 12.883117]
[2, 13.077922]
[2, 13.272727]
[2, 13.467532]
[2, 13.662338]
[1, 13.857143]
[1, 13.954545]
[1, 14.051948]
[2, 14.246753]
[2, 14.441558]
[1, 14.636364]
[1, 14.733766]
[1, 14.831169]
[2, 15.025974]
[2, 15.220779]
[1, 15.415584]
[1, 15.512987]
[1, 15.610390]
[1, 15.805195]
[1, 16.000000]
[1, 16.097403]
[1, 16.194805]
[1, 16.389610]
[1, 16.584416]
[2, 16.779221]
[2, 16.876623]
[2, 16.974026]
[1, 17.168831]
[1, 17.266234]
[1, 17.363636]
[2, 17.558442]
[2, 17.753247]
[2, 17.850649]
[2, 17.948052]
[2, 18.045455]
[2, 18.142857]
[2, 18.337662]
[2, 18.435065]
[2, 18.532468]
[2, 18.727273]
[2, 18.922078]
[1, 19.311688]
[1, 19.506494]
[2, 19.701299]
[2, 19.896104]
[1, 20.090909]
[1, 20.188312]
[1, 20.285714]
[2, 20.480519]
[2, 20.675325]
[1, 20.870130]
[1, 20.967532]
[1, 21.064935]
[2, 21.259740]
[2, 21.454545]
[1, 21.649351]
[1, 21.746753]
[1, 21.844156]
[1, 22.038961]
[1, 22.233766]
[1, 22.331169]
[1, 22.428571]
[1, 22.623377]
[2, 22.818182]
[2, 23.012987]
[1, 23.207792]
[1, 23.305195]
[1, 23.402597]
[2, 23.597403]
[2, 23.792208]
[1, 23.987013]
[1, 24.084416]
[1, 24.181818]
[1, 24.376623]
[2, 24.571429]
[2, 24.766234]
[2, 24.961039]
[2, 25.155844]
[2, 25.253247]
[2, 25.350649]
[2, 25.545455]
[2, 25.740260]
[2, 25.935065]
[2, 26.129870]
[1, 26.324675]
[1, 26.422078]
[1, 26.519481]
[2, 26.714286]
[2, 26.909091]
[1, 27.103896]
[1, 27.201299]
[1, 27.298701]
[2, 27.493506]
[2, 27.688312]
[1, 27.883117]
[1, 27.980519]
[1, 28.077922]
[1, 28.272727]
[1, 28.467532]
[1, 28.564935]
[1, 28.662338]
[1, 28.857143]
[1, 29.051948]
[1, 29.149351]
[1, 29.246753]
[2, 29.441558]
[2, 29.538961]
[2, 29.636364]
[1, 29.831169]
[1, 30.025974]
[2, 30.220779]
[2, 30.415584]
[1, 30.610390]
[1, 30.902597]
[1, 31.194805]
[1, 32.168831]
[2, 32.558442]
[2, 32.850649]
[1, 32.948052]
[2, 33.045455]
[1, 33.142857]
[2, 33.337662]
[2, 33.532468]
[1, 33.727273]
[2, 34.116883]
[1, 34.506494]
[1, 34.701299]
[2, 34.896104]
[1, 35.285714]
[2, 35.675325]
[2, 35.967532]
[1, 36.064935]
[2, 36.162338]
[1, 36.259740]
[2, 36.454545]
[2, 36.649351]
[1, 36.844156]
[2, 37.233766]
[1, 37.623377]
[1, 37.720779]
[1, 37.818182]
[2, 38.012987]
[1, 38.402597]
[2, 38.792208]
[2, 39.084416]
[1, 39.181818]
[2, 39.279221]
[1, 39.376623]
[2, 39.571429]
[2, 39.766234]
[1, 39.961039]
[2, 40.350649]
[1, 40.740260]
[1, 40.935065]
[2, 41.129870]
[1, 41.519481]
[2, 41.909091]
[2, 42.201299]
[1, 42.298701]
[2, 42.396104]
[1, 42.493506]
[2, 42.688312]
[3, 43.077922]
[3, 43.467532]
[4, 43.857143]
[4, 44.246753]
[2, 44.636364]
[2, 45.025974]
[1, 45.415584]
[1, 45.805195]
[1, 46.194805]
[1, 46.389610]
[1, 46.487013]
[2, 46.584416]
[1, 46.779221]
[1, 46.974026]
[1, 47.753247]
[1, 48.142857]
[2, 48.532468]
[2, 48.922078]
[2, 49.311688]
[2, 49.506494]
[2, 49.603896]
[1, 49.701299]
[1, 49.896104]
[1, 50.090909]
[1, 50.285714]
[1, 50.383117]
[2, 50.480519]
[2, 50.870130]
[2, 51.259740]
[1, 51.649351]
[1, 52.038961]
[1, 52.428571]
[1, 52.623377]
[1, 52.720779]
[2, 52.818182]
[1, 53.012987]
[1, 53.207792]
[1, 53.597403]
[1, 53.792208]
[1, 53.987013]
[1, 54.181818]
[1, 54.571429]
[1, 54.766234]
[1, 55.155844]
[3, 55.545455]
[3, 55.935065]
[3, 56.129870]
[2, 57.103896]
[1, 57.298701]
[1, 57.396104]
[2, 57.493506]
[1, 57.688312]
[2, 57.883117]
[1, 58.077922]
[1, 58.175325]
[2, 58.272727]
[1, 58.467532]
[2, 58.662338]
[2, 58.759740]
[2, 58.857143]
[1, 59.051948]
[1, 59.246753]
[2, 59.441558]
[1, 59.831169]
[1, 60.025974]
[1, 60.220779]
[2, 60.415584]
[2, 60.512987]
[1, 60.610390]
[2, 60.805195]
[1, 61.000000]
[2, 61.194805]
[2, 61.292208]
[1, 61.389610]
[2, 61.584416]
[1, 61.779221]
[1, 61.974026]
[1, 62.071429]
[2, 62.168831]
[1, 62.363636]
[2, 62.558442]
[1, 62.948052]
[1, 63.142857]
[2, 63.337662]
[1, 63.532468]
[1, 63.629870]
[2, 63.727273]
[1, 63.922078]
[2, 64.116883]
[1, 64.311688]
[1, 64.409091]
[2, 64.506494]
[1, 64.701299]
[2, 64.896104]
[2, 64.993506]
[2, 65.090909]
[1, 65.285714]
[1, 65.480519]
[2, 65.675325]
[1, 66.064935]
[1, 66.259740]
[4, 66.454545]
[4, 66.844156]
[4, 67.233766]
[4, 67.623377]
[3, 68.012987]
[3, 68.207792]
[3, 68.402597]
[3, 68.597403]
[3, 68.792208]
[1, 69.181818]
[1, 69.376623]
[2, 69.571429]
[1, 69.766234]
[1, 69.863636]
[2, 69.961039]
[1, 70.155844]
[2, 70.350649]
[1, 70.545455]
[1, 70.642857]
[2, 70.740260]
[1, 70.935065]
[2, 71.129870]
[2, 71.227273]
[2, 71.324675]
[1, 71.519481]
[1, 71.714286]
[2, 71.909091]
[1, 72.298701]
[1, 72.493506]
[1, 72.688312]
[2, 72.883117]
[2, 72.980519]
[1, 73.077922]
[2, 73.272727]
[1, 73.467532]
[2, 73.662338]
[2, 73.759740]
[1, 73.857143]
[2, 74.051948]
[1, 74.246753]
[1, 74.441558]
[1, 74.538961]
[2, 74.636364]
[1, 74.831169]
[2, 75.025974]
[1, 75.415584]
[1, 75.610390]
[2, 75.805195]
[1, 76.000000]
[1, 76.097403]
[2, 76.194805]
[1, 76.389610]
[2, 76.584416]
[1, 76.779221]
[1, 76.876623]
[2, 76.974026]
[1, 77.168831]
[2, 77.363636]
[2, 77.461039]
[2, 77.558442]
[1, 77.753247]
[1, 77.948052]
[2, 78.142857]
[1, 78.532468]
[1, 78.727273]
[4, 78.922078]
[4, 79.311688]
[4, 79.701299]
[4, 80.090909]
[3, 80.480519]
[3, 80.675325]
[4, 80.870130]
[4, 81.064935]
[3, 82.038961]
[3, 82.818182]
[3, 83.402597]
[3, 83.597403]
[3, 84.376623]
[3, 84.961039]
[3, 85.155844]
[3, 85.740260]
[3, 85.935065]
[1, 86.324675]
[2, 86.519481]
[1, 86.714286]
[1, 86.909091]
[2, 87.103896]
[1, 87.298701]
[1, 87.493506]
[1, 87.590909]
[2, 87.688312]
[2, 87.785714]
[1, 87.883117]
[2, 88.077922]
[2, 88.175325]
[1, 88.272727]
[1, 88.467532]
[1, 88.564935]
[1, 88.759740]
[1, 88.857143]
[1, 89.051948]
[1, 89.246753]
[1, 89.344156]
[1, 89.538961]
[1, 89.636364]
[2, 89.831169]
[2, 90.025974]
[2, 90.123377]
[2, 90.318182]
[2, 90.415584]
[2, 90.610390]
[2, 90.805195]
[2, 90.902597]
[2, 91.097403]
[2, 91.194805]
[1, 91.389610]
[1, 91.584416]
[1, 91.681818]
[1, 91.876623]
[1, 91.974026]
[2, 92.168831]
[2, 92.363636]
[2, 92.461039]
[2, 92.655844]
[2, 92.753247]
[1, 92.948052]
[1, 93.142857]
[1, 93.240260]
[1, 93.435065]
[1, 93.532468]
[2, 93.727273]
[2, 93.922078]
[2, 94.019481]
[2, 94.214286]
[2, 94.311688]
[2, 94.506494]
[1, 94.701299]
[1, 94.798701]
[2, 94.896104]
[1, 95.090909]
[2, 95.285714]
[1, 95.480519]
[2, 95.675325]
[2, 95.772727]
[1, 95.870130]
[2, 96.064935]
[1, 96.259740]
[1, 96.357143]
[2, 96.454545]
[1, 96.649351]
[2, 96.844156]
[1, 97.038961]
[2, 97.233766]
[2, 97.331169]
[1, 97.428571]
[2, 97.623377]
[1, 97.818182]
[1, 97.915584]
[2, 98.012987]
[2, 98.207792]
[2, 98.305195]
[2, 98.402597]
[1, 98.597403]
[2, 98.792208]
[1, 98.987013]
[1, 100.740260]
[1, 100.837662]
[1, 100.935065]
[2, 101.129870]
[2, 101.227273]
[2, 101.324675]
[1, 101.519481]
[1, 101.616883]
[1, 101.714286]
[2, 101.909091]
[2, 102.006494]
[2, 102.103896]
[1, 102.298701]
[1, 102.396104]
[1, 102.493506]
[1, 102.688312]
[2, 102.883117]
[1, 103.857143]
[1, 103.954545]
[1, 104.051948]
[1, 104.246753]
[1, 104.344156]
[2, 104.441558]
[1, 104.636364]
[1, 104.733766]
[1, 104.831169]
[1, 105.025974]
[1, 105.123377]
[2, 105.220779]
[1, 105.415584]
[1, 105.512987]
[1, 105.610390]
[2, 105.805195]
[2, 106.000000]
[1, 106.974026]
[2, 107.168831]
[1, 107.363636]
[1, 107.461039]
[2, 107.558442]
[1, 107.753247]
[2, 107.948052]
[1, 108.142857]
[1, 108.240260]
[2, 108.337662]
[1, 108.532468]
[2, 108.727273]
[1, 108.922078]
[1, 109.019481]
[2, 109.116883]
[1, 110.090909]
[2, 110.285714]
[1, 110.480519]
[1, 110.577922]
[2, 110.675325]
[2, 110.870130]
[2, 110.967532]
[1, 111.064935]
[1, 111.259740]
[1, 111.357143]
[2, 111.454545]
[2, 111.649351]
[2, 111.941558]
[2, 112.233766]
[2, 113.207792]
[2, 113.597403]
[1, 113.987013]
[1, 114.376623]
[1, 114.766234]
[1, 114.961039]
[1, 115.058442]
[2, 115.155844]
[1, 115.350649]
[1, 115.545455]
[1, 116.324675]
[1, 116.714286]
[2, 117.103896]
[2, 117.493506]
[2, 117.883117]
[2, 118.077922]
[2, 118.175325]
[1, 118.272727]
[1, 118.467532]
[1, 118.662338]
[1, 118.857143]
[1, 118.954545]
[2, 119.051948]
[2, 119.441558]
[2, 119.831169]
[1, 120.220779]
[1, 120.610390]
[1, 121.000000]
[1, 121.194805]
[1, 121.292208]
[2, 121.389610]
[1, 121.584416]
[1, 121.779221]
[1, 122.168831]
[1, 122.363636]
[1, 122.558442]
[1, 122.753247]
[1, 123.142857]
[1, 123.337662]
[1, 123.727273]
[3, 124.116883]
[3, 124.506494]
[3, 124.701299]
[2, 125.675325]
[2, 128.792208]
[2, 131.909091]
[2, 133.467532]
[2, 135.025974]
[2, 135.415584]
[2, 135.805195]
[2, 136.194805]
[3, 136.584416]
[4, 136.779221]
[3, 136.974026]
[4, 137.168831]
[3, 137.363636]
[1, 137.753247]
[1, 137.948052]
[2, 138.142857]
[1, 138.337662]
[1, 138.435065]
[2, 138.532468]
[1, 138.727273]
[2, 138.922078]
[1, 139.116883]
[1, 139.214286]
[2, 139.311688]
[1, 139.506494]
[2, 139.701299]
[2, 139.798701]
[2, 139.896104]
[1, 140.090909]
[1, 140.285714]
[2, 140.480519]
[1, 140.870130]
[1, 141.064935]
[1, 141.259740]
[2, 141.454545]
[2, 141.551948]
[1, 141.649351]
[2, 141.844156]
[1, 142.038961]
[2, 142.233766]
[2, 142.331169]
[1, 142.428571]
[2, 142.623377]
[1, 142.818182]
[1, 143.012987]
[1, 143.110390]
[2, 143.207792]
[1, 143.402597]
[2, 143.597403]
[1, 143.987013]
[1, 144.181818]
[2, 144.376623]
[1, 144.571429]
[1, 144.668831]
[2, 144.766234]
[1, 144.961039]
[2, 145.155844]
[1, 145.350649]
[1, 145.448052]
[2, 145.545455]
[1, 145.740260]
[2, 145.935065]
[2, 146.032468]
[2, 146.129870]
[1, 146.324675]
[1, 146.519481]
[2, 146.714286]
[1, 147.103896]
[1, 147.298701]
[2, 147.493506]
[1, 147.688312]
[1, 147.785714]
[2, 147.883117]
[1, 148.077922]
[1, 148.175325]
[2, 148.272727]
[1, 148.467532]
[1, 148.564935]
[2, 148.662338]
[3, 149.051948]
[3, 149.246753]
[4, 149.441558]
[4, 149.636364]
[2, 150.610390]
[2, 150.805195]
[1, 151.000000]
[1, 151.097403]
[1, 151.194805]
[2, 151.389610]
[2, 151.584416]
[1, 151.779221]
[1, 151.876623]
[1, 151.974026]
[2, 152.168831]
[2, 152.363636]
[1, 152.558442]
[1, 152.655844]
[1, 152.753247]
[1, 152.948052]
[1, 153.142857]
[1, 153.240260]
[1, 153.337662]
[1, 153.532468]
[2, 153.727273]
[2, 153.922078]
[1, 154.116883]
[1, 154.214286]
[1, 154.311688]
[2, 154.506494]
[2, 154.701299]
[1, 154.896104]
[1, 154.993506]
[1, 155.090909]
[1, 155.285714]
[2, 155.480519]
[2, 155.675325]
[2, 155.870130]
[2, 156.064935]
[2, 156.162338]
[2, 156.259740]
[2, 156.454545]
[2, 156.649351]
[2, 156.844156]
[2, 157.038961]
[1, 157.233766]
[1, 157.331169]
[1, 157.428571]
[2, 157.623377]
[2, 157.818182]
[1, 158.012987]
[1, 158.110390]
[1, 158.207792]
[2, 158.402597]
[2, 158.597403]
[1, 158.792208]
[1, 158.889610]
[1, 158.987013]
[1, 159.181818]
[1, 159.376623]
[1, 159.474026]
[1, 159.571429]
[1, 159.766234]
[1, 159.961039]
[2, 160.155844]
[2, 160.253247]
[2, 160.350649]
[1, 160.545455]
[1, 160.642857]
[1, 160.740260]
[2, 160.935065]
[2, 161.129870]
[2, 161.227273]
[2, 161.324675]
[2, 161.422078]
[2, 161.519481]
[2, 161.714286]
[2, 161.811688]
[2, 161.909091]
[2, 162.103896]
[2, 162.298701]
[1, 162.688312]
[1, 162.883117]
[2, 163.077922]
[2, 163.272727]
[1, 163.467532]
[1, 163.564935]
[1, 163.662338]
[2, 163.857143]
[2, 164.051948]
[1, 164.246753]
[1, 164.344156]
[1, 164.441558]
[2, 164.636364]
[2, 164.831169]
[1, 165.025974]
[1, 165.123377]
[1, 165.220779]
[1, 165.415584]
[1, 165.610390]
[1, 165.707792]
[1, 165.805195]
[1, 166.000000]
[2, 166.194805]
[2, 166.389610]
[1, 166.584416]
[1, 166.681818]
[1, 166.779221]
[2, 166.974026]
[2, 167.168831]
[1, 167.363636]
[1, 167.461039]
[1, 167.558442]
[1, 167.753247]
[2, 167.948052]
[2, 168.142857]
[2, 168.337662]
[2, 168.532468]
[2, 168.629870]
[2, 168.727273]
[2, 168.922078]
[2, 169.116883]
[2, 169.311688]
[2, 169.506494]
[1, 169.701299]
[1, 169.798701]
[1, 169.896104]
[2, 170.090909]
[2, 170.285714]
[1, 170.480519]
[1, 170.577922]
[1, 170.675325]
[2, 170.870130]
[2, 171.064935]
[1, 171.259740]
[1, 171.357143]
[1, 171.454545]
[1, 171.649351]
[1, 171.844156]
[1, 171.941558]
[1, 172.038961]
[1, 172.233766]
[1, 172.428571]
[1, 172.525974]
[1, 172.623377]
[2, 172.818182]
[2, 172.915584]
[2, 173.012987]
[1, 173.207792]
[1, 173.402597]
[2, 173.597403]
[2, 173.792208]
[1, 173.987013]
[1, 174.279221]
[1, 174.571429]
[1, 174.766234]
[1, 175.155844]
[4, 175.545455]
[4, 175.837662]
[3, 176.129870]
[3, 176.324675]

course: 2
[1, 5.675325]
[1, 6.064935]
[1, 6.454545]
[1, 6.844156]
[1, 7.233766]
[1, 7.428571]
[1, 7.623377]
[1, 7.720779]
[1, 7.818182]
[1, 8.012987]
[1, 8.207792]
[1, 8.402597]
[1, 8.792208]
[1, 8.987013]
[1, 9.181818]
[1, 9.279221]
[1, 9.376623]
[1, 9.571429]
[1, 9.766234]
[1, 9.961039]
[1, 10.350649]
[1, 10.545455]
[1, 10.740260]
[1, 10.837662]
[1, 10.935065]
[1, 11.129870]
[1, 11.324675]
[1, 11.519481]
[1, 11.909091]
[1, 12.103896]
[2, 12.298701]
[2, 12.493506]
[2, 12.688312]
[2, 12.785714]
[2, 12.883117]
[2, 13.077922]
[1, 13.467532]
[1, 13.662338]
[1, 13.857143]
[1, 13.954545]
[1, 14.051948]
[1, 14.246753]
[1, 14.441558]
[1, 14.636364]
[1, 15.025974]
[1, 15.220779]
[1, 15.415584]
[1, 15.512987]
[1, 15.610390]
[1, 15.805195]
[1, 16.000000]
[1, 16.194805]
[1, 16.584416]
[1, 16.779221]
[1, 16.974026]
[1, 17.168831]
[1, 17.363636]
[1, 17.558442]
[2, 17.753247]
[2, 17.948052]
[1, 19.311688]
[1, 19.506494]
[1, 19.701299]
[1, 19.896104]
[1, 20.090909]
[1, 20.188312]
[1, 20.285714]
[1, 20.480519]
[1, 20.675325]
[1, 20.870130]
[1, 21.259740]
[1, 21.454545]
[1, 21.649351]
[1, 21.746753]
[1, 21.844156]
[1, 22.038961]
[1, 22.233766]
[1, 22.428571]
[1, 22.818182]
[1, 23.012987]
[1, 23.207792]
[1, 23.305195]
[1, 23.402597]
[1, 23.597403]
[1, 23.792208]
[1, 23.987013]
[1, 24.376623]
[1, 24.571429]
[2, 24.766234]
[2, 24.961039]
[2, 25.155844]
[2, 25.253247]
[2, 25.350649]
[2, 25.545455]
[1, 25.935065]
[1, 26.129870]
[1, 26.324675]
[1, 26.422078]
[1, 26.519481]
[1, 26.714286]
[1, 26.909091]
[1, 27.103896]
[1, 27.493506]
[1, 27.688312]
[1, 27.883117]
[1, 27.980519]
[1, 28.077922]
[1, 28.272727]
[1, 28.467532]
[1, 28.662338]
[1, 29.051948]
[1, 29.246753]
[2, 29.441558]
[2, 29.538961]
[2, 29.636364]
[1, 29.831169]
[1, 30.025974]
[1, 30.220779]
[1, 30.415584]
[1, 32.168831]
[1, 32.558442]
[1, 32.850649]
[1, 32.948052]
[1, 33.142857]
[1, 33.337662]
[1, 33.727273]
[1, 34.116883]
[2, 34.506494]
[2, 34.896104]
[1, 35.285714]
[1, 35.675325]
[1, 35.967532]
[1, 36.064935]
[1, 36.259740]
[1, 36.454545]
[2, 36.844156]
[2, 37.233766]
[1, 37.623377]
[1, 38.012987]
[1, 38.402597]
[1, 38.792208]
[1, 39.084416]
[1, 39.181818]
[1, 39.376623]
[1, 39.571429]
[1, 39.961039]
[1, 40.350649]
[2, 40.740260]
[2, 41.129870]
[1, 41.519481]
[1, 41.909091]
[1, 42.201299]
[1, 42.298701]
[1, 42.493506]
[1, 42.688312]
[3, 43.077922]
[3, 43.467532]
[4, 43.857143]
[4, 44.246753]
[1, 44.636364]
[1, 45.025974]
[1, 45.415584]
[1, 45.805195]
[1, 46.194805]
[1, 46.389610]
[1, 46.487013]
[1, 46.584416]
[1, 46.779221]
[1, 46.974026]
[1, 47.753247]
[1, 48.142857]
[2, 48.532468]
[2, 48.922078]
[1, 49.311688]
[1, 49.701299]
[1, 49.896104]
[1, 50.090909]
[1, 50.870130]
[1, 51.259740]
[1, 51.649351]
[1, 52.038961]
[1, 52.428571]
[1, 52.623377]
[1, 52.720779]
[1, 52.818182]
[1, 53.012987]
[1, 53.207792]
[1, 53.597403]
[1, 53.792208]
[2, 53.987013]
[2, 54.181818]
[1, 54.571429]
[1, 54.766234]
[1, 55.155844]
[3, 55.545455]
[3, 55.935065]
[3, 56.129870]
[1, 56.714286]
[1, 56.909091]
[1, 57.103896]
[2, 57.396104]
[2, 57.688312]
[2, 57.883117]
[1, 58.467532]
[1, 58.662338]
[2, 58.857143]
[2, 59.051948]
[1, 59.246753]
[2, 59.441558]
[1, 59.831169]
[1, 60.025974]
[1, 60.220779]
[2, 60.512987]
[2, 60.805195]
[2, 61.000000]
[1, 61.584416]
[1, 61.779221]
[2, 61.974026]
[2, 62.168831]
[2, 62.363636]
[1, 62.558442]
[1, 62.948052]
[1, 63.142857]
[1, 63.337662]
[2, 63.629870]
[2, 63.922078]
[2, 64.116883]
[1, 64.701299]
[1, 64.896104]
[2, 65.090909]
[2, 65.285714]
[1, 65.480519]
[2, 65.675325]
[1, 66.064935]
[1, 66.259740]
[4, 66.454545]
[4, 66.844156]
[4, 67.233766]
[4, 67.623377]
[3, 68.012987]
[3, 68.207792]
[3, 68.402597]
[3, 68.597403]
[3, 68.792208]
[1, 69.181818]
[1, 69.376623]
[1, 69.571429]
[2, 69.863636]
[2, 70.155844]
[2, 70.350649]
[1, 70.935065]
[1, 71.129870]
[2, 71.324675]
[2, 71.519481]
[1, 71.714286]
[2, 71.909091]
[1, 72.298701]
[1, 72.493506]
[1, 72.688312]
[2, 72.980519]
[2, 73.272727]
[2, 73.467532]
[1, 74.051948]
[1, 74.246753]
[2, 74.441558]
[2, 74.636364]
[2, 74.831169]
[1, 75.025974]
[1, 75.415584]
[1, 75.610390]
[1, 75.805195]
[2, 76.097403]
[2, 76.389610]
[2, 76.584416]
[1, 77.168831]
[1, 77.363636]
[2, 77.558442]
[2, 77.753247]
[1, 77.948052]
[2, 78.142857]
[1, 78.532468]
[1, 78.727273]
[4, 78.922078]
[4, 79.311688]
[4, 79.701299]
[4, 80.090909]
[3, 82.038961]
[3, 83.402597]
[3, 83.597403]
[3, 84.961039]
[3, 85.155844]
[3, 85.740260]
[3, 85.935065]
[3, 86.519481]
[1, 88.272727]
[1, 88.564935]
[1, 88.857143]
[2, 89.051948]
[2, 89.344156]
[2, 89.636364]
[1, 89.831169]
[1, 90.123377]
[1, 90.415584]
[2, 90.610390]
[2, 90.902597]
[2, 91.194805]
[1, 91.389610]
[1, 91.681818]
[1, 91.974026]
[2, 92.168831]
[2, 92.461039]
[2, 92.753247]
[1, 100.740260]
[1, 100.935065]
[2, 101.129870]
[2, 101.324675]
[1, 101.519481]
[1, 101.714286]
[2, 101.909091]
[2, 102.103896]
[1, 102.298701]
[2, 102.493506]
[1, 102.688312]
[2, 102.883117]
[1, 103.857143]
[2, 104.051948]
[1, 104.246753]
[2, 104.441558]
[1, 104.636364]
[2, 104.831169]
[1, 105.025974]
[2, 105.220779]
[1, 105.415584]
[1, 105.805195]
[1, 106.000000]
[1, 106.974026]
[2, 107.168831]
[1, 107.363636]
[2, 107.558442]
[1, 107.753247]
[2, 107.948052]
[1, 108.142857]
[2, 108.337662]
[1, 108.532468]
[1, 108.629870]
[1, 108.727273]
[2, 108.922078]
[2, 109.019481]
[2, 109.116883]
[2, 113.207792]
[2, 113.597403]
[1, 113.987013]
[1, 114.376623]
[1, 114.766234]
[1, 114.961039]
[1, 115.058442]
[1, 115.155844]
[1, 115.350649]
[1, 115.545455]
[1, 116.324675]
[1, 116.714286]
[2, 117.103896]
[2, 117.493506]
[1, 117.883117]
[1, 118.272727]
[1, 118.467532]
[1, 118.662338]
[2, 119.441558]
[2, 119.831169]
[1, 120.220779]
[1, 120.610390]
[1, 121.000000]
[1, 121.194805]
[1, 121.292208]
[1, 121.389610]
[1, 121.584416]
[1, 121.779221]
[1, 122.168831]
[1, 122.363636]
[2, 122.558442]
[2, 122.753247]
[1, 123.142857]
[1, 123.337662]
[1, 123.727273]
[3, 124.116883]
[3, 124.506494]
[3, 124.701299]
[2, 125.675325]
[2, 128.792208]
[2, 131.909091]
[2, 133.467532]
[2, 135.025974]
[2, 135.415584]
[2, 135.805195]
[2, 136.194805]
[3, 136.584416]
[3, 136.779221]
[3, 136.974026]
[3, 137.168831]
[3, 137.363636]
[1, 137.753247]
[1, 137.948052]
[1, 138.142857]
[2, 138.435065]
[2, 138.727273]
[2, 138.922078]
[1, 139.506494]
[1, 139.701299]
[2, 139.896104]
[2, 140.090909]
[1, 140.285714]
[2, 140.480519]
[1, 140.870130]
[1, 141.064935]
[1, 141.259740]
[2, 141.551948]
[2, 141.844156]
[2, 142.038961]
[1, 142.623377]
[1, 142.818182]
[2, 143.012987]
[2, 143.207792]
[2, 143.402597]
[1, 143.597403]
[1, 143.987013]
[1, 144.181818]
[1, 144.376623]
[2, 144.668831]
[2, 144.961039]
[2, 145.155844]
[1, 145.740260]
[1, 145.935065]
[2, 146.129870]
[2, 146.324675]
[1, 146.519481]
[2, 146.714286]
[1, 147.103896]
[1, 147.298701]
[2, 147.493506]
[1, 147.688312]
[1, 147.785714]
[2, 147.883117]
[1, 148.077922]
[1, 148.175325]
[2, 148.272727]
[1, 148.467532]
[1, 148.564935]
[2, 148.662338]
[3, 149.051948]
[3, 149.246753]
[3, 149.441558]
[3, 149.636364]
[1, 150.610390]
[1, 150.805195]
[1, 151.000000]
[1, 151.097403]
[1, 151.194805]
[1, 151.389610]
[1, 151.584416]
[1, 151.779221]
[1, 152.168831]
[1, 152.363636]
[1, 152.558442]
[1, 152.655844]
[1, 152.753247]
[1, 152.948052]
[1, 153.142857]
[1, 153.337662]
[1, 153.727273]
[1, 153.922078]
[1, 154.116883]
[1, 154.214286]
[1, 154.311688]
[1, 154.506494]
[1, 154.701299]
[1, 154.896104]
[1, 155.285714]
[1, 155.480519]
[2, 155.675325]
[2, 155.870130]
[2, 156.064935]
[2, 156.162338]
[2, 156.259740]
[2, 156.454545]
[1, 156.844156]
[1, 157.038961]
[1, 157.233766]
[1, 157.331169]
[1, 157.428571]
[1, 157.623377]
[1, 157.818182]
[1, 158.012987]
[1, 158.402597]
[1, 158.597403]
[1, 158.792208]
[1, 158.889610]
[1, 158.987013]
[1, 159.181818]
[1, 159.376623]
[1, 159.571429]
[1, 159.961039]
[1, 160.155844]
[1, 160.350649]
[1, 160.545455]
[1, 160.740260]
[1, 160.935065]
[2, 161.129870]
[2, 161.324675]
[1, 162.688312]
[1, 162.883117]
[1, 163.077922]
[1, 163.272727]
[1, 163.467532]
[1, 163.564935]
[1, 163.662338]
[1, 163.857143]
[1, 164.051948]
[1, 164.246753]
[1, 164.636364]
[1, 164.831169]
[1, 165.025974]
[1, 165.123377]
[1, 165.220779]
[1, 165.415584]
[1, 165.610390]
[1, 165.805195]
[1, 166.194805]
[1, 166.389610]
[1, 166.584416]
[1, 166.681818]
[1, 166.779221]
[1, 166.974026]
[1, 167.168831]
[1, 167.363636]
[1, 167.753247]
[1, 167.948052]
[2, 168.142857]
[2, 168.337662]
[2, 168.532468]
[2, 168.629870]
[2, 168.727273]
[2, 168.922078]
[1, 169.311688]
[1, 169.506494]
[1, 169.701299]
[1, 169.798701]
[1, 169.896104]
[1, 170.090909]
[1, 170.285714]
[1, 170.480519]
[1, 170.870130]
[1, 171.064935]
[1, 171.259740]
[1, 171.357143]
[1, 171.454545]
[1, 171.649351]
[1, 171.844156]
[1, 172.038961]
[1, 172.428571]
[1, 172.623377]
[2, 172.818182]
[2, 172.915584]
[2, 173.012987]
[1, 173.207792]
[1, 173.402597]
[1, 173.597403]
[1, 173.792208]
[1, 173.987013]
[1, 174.279221]
[1, 174.571429]
[1, 174.766234]
[1, 175.155844]
[3, 175.545455]
[3, 175.837662]
[3, 176.129870]
[3, 176.324675]

course: 1
[1, 5.675325]
[1, 6.064935]
[1, 6.454545]
[1, 6.844156]
[1, 7.233766]
[1, 7.428571]
[1, 7.623377]
[1, 8.012987]
[1, 8.207792]
[1, 8.402597]
[1, 8.792208]
[1, 8.987013]
[1, 9.181818]
[1, 9.571429]
[1, 9.961039]
[1, 10.350649]
[1, 10.545455]
[1, 10.740260]
[1, 11.129870]
[1, 11.324675]
[1, 11.519481]
[1, 11.909091]
[1, 12.103896]
[1, 12.298701]
[2, 12.688312]
[2, 13.077922]
[1, 13.467532]
[1, 13.662338]
[1, 13.857143]
[1, 14.246753]
[1, 14.441558]
[1, 14.636364]
[1, 15.025974]
[1, 15.220779]
[1, 15.415584]
[1, 15.805195]
[1, 16.194805]
[3, 16.584416]
[3, 16.974026]
[3, 17.363636]
[3, 17.753247]
[4, 18.142857]
[1, 19.701299]
[1, 19.896104]
[1, 20.090909]
[1, 20.480519]
[1, 20.675325]
[1, 20.870130]
[1, 21.259740]
[1, 21.454545]
[1, 21.649351]
[1, 22.038961]
[1, 22.428571]
[1, 22.818182]
[1, 23.012987]
[1, 23.207792]
[1, 23.597403]
[1, 23.792208]
[1, 23.987013]
[1, 24.376623]
[1, 24.571429]
[1, 24.766234]
[2, 25.155844]
[2, 25.545455]
[1, 25.935065]
[1, 26.129870]
[1, 26.324675]
[1, 26.714286]
[1, 26.909091]
[1, 27.103896]
[1, 27.493506]
[1, 27.688312]
[1, 27.883117]
[1, 28.272727]
[1, 28.662338]
[1, 29.051948]
[1, 29.246753]
[1, 29.441558]
[2, 29.831169]
[2, 30.025974]
[2, 30.220779]
[1, 32.168831]
[1, 32.558442]
[1, 32.948052]
[1, 33.142857]
[1, 33.337662]
[1, 33.727273]
[1, 34.116883]
[2, 34.506494]
[2, 34.701299]
[2, 34.896104]
[1, 35.285714]
[1, 35.675325]
[1, 36.064935]
[1, 36.259740]
[1, 36.454545]
[2, 36.844156]
[2, 37.233766]
[1, 37.623377]
[1, 38.012987]
[1, 38.402597]
[1, 38.792208]
[1, 39.181818]
[1, 39.376623]
[1, 39.571429]
[1, 39.961039]
[1, 40.350649]
[2, 40.740260]
[2, 40.935065]
[2, 41.129870]
[1, 41.519481]
[1, 41.909091]
[1, 42.298701]
[1, 42.493506]
[1, 42.688312]
[4, 43.077922]
[4, 43.467532]
[3, 43.857143]
[3, 44.246753]
[2, 44.636364]
[2, 45.415584]
[1, 46.194805]
[1, 46.584416]
[1, 46.779221]
[1, 46.974026]
[1, 47.753247]
[1, 48.532468]
[2, 49.311688]
[2, 49.701299]
[2, 49.896104]
[2, 50.090909]
[2, 50.870130]
[2, 51.649351]
[1, 52.428571]
[1, 52.818182]
[1, 53.012987]
[1, 53.207792]
[1, 53.597403]
[1, 53.792208]
[1, 53.987013]
[1, 54.181818]
[1, 54.571429]
[1, 54.766234]
[1, 55.155844]
[1, 57.103896]
[1, 57.493506]
[1, 57.688312]
[1, 57.883117]
[1, 58.272727]
[1, 58.662338]
[1, 58.857143]
[1, 59.051948]
[1, 59.441558]
[1, 60.220779]
[1, 60.610390]
[1, 60.805195]
[1, 61.000000]
[1, 61.389610]
[2, 61.779221]
[2, 61.974026]
[2, 62.168831]
[2, 62.558442]
[1, 63.337662]
[1, 63.727273]
[1, 63.922078]
[1, 64.116883]
[1, 64.506494]
[1, 64.896104]
[1, 65.090909]
[1, 65.285714]
[1, 65.675325]
[3, 66.454545]
[3, 66.844156]
[3, 67.233766]
[3, 67.623377]
[3, 68.012987]
[3, 68.792208]
[1, 69.571429]
[1, 69.961039]
[1, 70.155844]
[1, 70.350649]
[1, 70.740260]
[1, 71.129870]
[1, 71.324675]
[1, 71.519481]
[1, 71.909091]
[1, 72.688312]
[1, 73.077922]
[1, 73.272727]
[1, 73.467532]
[1, 73.857143]
[2, 74.246753]
[2, 74.441558]
[2, 74.636364]
[2, 75.025974]
[1, 75.805195]
[1, 76.194805]
[1, 76.389610]
[1, 76.584416]
[1, 76.974026]
[1, 77.363636]
[1, 77.558442]
[1, 77.753247]
[1, 78.142857]
[3, 78.922078]
[3, 79.311688]
[3, 79.701299]
[3, 80.090909]
[3, 82.038961]
[3, 82.818182]
[3, 83.597403]
[3, 84.376623]
[3, 85.155844]
[3, 85.935065]
[3, 86.714286]
[2, 88.272727]
[2, 88.662338]
[2, 89.051948]
[2, 89.441558]
[1, 91.389610]
[1, 91.779221]
[1, 92.168831]
[1, 92.558442]
[1, 100.740260]
[2, 100.935065]
[1, 101.129870]
[2, 101.324675]
[1, 101.519481]
[2, 101.714286]
[1, 101.909091]
[2, 102.103896]
[1, 103.857143]
[1, 104.051948]
[1, 104.246753]
[1, 104.441558]
[1, 104.636364]
[1, 104.831169]
[1, 105.025974]
[1, 106.974026]
[1, 107.168831]
[1, 107.363636]
[1, 107.753247]
[1, 108.142857]
[2, 108.532468]
[2, 108.922078]
[2, 109.116883]
[2, 109.311688]
[2, 113.207792]
[2, 113.987013]
[1, 114.766234]
[1, 115.155844]
[1, 115.350649]
[1, 115.545455]
[1, 116.324675]
[1, 117.103896]
[2, 117.883117]
[2, 118.272727]
[2, 118.467532]
[2, 118.662338]
[2, 119.441558]
[2, 120.220779]
[1, 121.000000]
[1, 121.389610]
[1, 121.584416]
[1, 121.779221]
[1, 122.168831]
[1, 122.363636]
[1, 122.558442]
[1, 122.753247]
[1, 123.142857]
[1, 123.337662]
[1, 123.727273]
[2, 125.675325]
[2, 127.233766]
[2, 128.792208]
[2, 130.350649]
[2, 131.909091]
[2, 133.467532]
[3, 135.025974]
[3, 135.415584]
[3, 135.805195]
[3, 136.194805]
[4, 136.584416]
[4, 136.974026]
[4, 137.363636]
[3, 138.142857]
[3, 138.532468]
[3, 138.727273]
[3, 138.922078]
[3, 139.311688]
[3, 139.701299]
[3, 139.896104]
[3, 140.090909]
[3, 140.480519]
[3, 141.259740]
[3, 141.649351]
[3, 141.844156]
[3, 142.038961]
[3, 142.428571]
[4, 142.818182]
[4, 143.012987]
[4, 143.207792]
[4, 143.597403]
[3, 144.376623]
[3, 144.766234]
[3, 144.961039]
[3, 145.155844]
[3, 145.545455]
[3, 145.935065]
[3, 146.129870]
[3, 146.324675]
[3, 146.714286]
[3, 147.493506]
[3, 147.883117]
[3, 148.272727]
[3, 148.662338]
[1, 150.610390]
[1, 150.805195]
[2, 151.000000]
[1, 151.389610]
[1, 151.584416]
[2, 151.779221]
[1, 152.168831]
[1, 152.363636]
[2, 152.558442]
[1, 152.948052]
[1, 153.337662]
[1, 153.727273]
[1, 153.922078]
[2, 154.116883]
[1, 154.506494]
[1, 154.701299]
[2, 154.896104]
[1, 155.285714]
[1, 155.480519]
[2, 155.675325]
[2, 156.064935]
[2, 156.454545]
[1, 156.844156]
[1, 157.038961]
[2, 157.233766]
[1, 157.623377]
[1, 157.818182]
[2, 158.012987]
[1, 158.402597]
[1, 158.597403]
[2, 158.792208]
[1, 159.181818]
[1, 159.571429]
[3, 159.961039]
[3, 160.350649]
[3, 160.740260]
[3, 161.129870]
[4, 161.519481]
[2, 161.909091]
[2, 162.103896]
[2, 162.298701]
[1, 163.077922]
[1, 163.272727]
[2, 163.467532]
[1, 163.857143]
[1, 164.051948]
[2, 164.246753]
[1, 164.636364]
[1, 164.831169]
[2, 165.025974]
[1, 165.415584]
[1, 165.805195]
[1, 166.194805]
[1, 166.389610]
[2, 166.584416]
[1, 166.974026]
[1, 167.168831]
[2, 167.363636]
[1, 167.753247]
[1, 167.948052]
[2, 168.142857]
[2, 168.532468]
[2, 168.922078]
[1, 169.311688]
[1, 169.506494]
[2, 169.701299]
[1, 170.090909]
[1, 170.285714]
[2, 170.480519]
[1, 170.870130]
[1, 171.064935]
[2, 171.259740]
[1, 171.649351]
[1, 172.038961]
[1, 172.428571]
[1, 172.623377]
[1, 172.818182]
[2, 173.207792]
[2, 173.402597]
[2, 173.597403]
[3, 173.987013]
[4, 174.766234]
[3, 175.545455]
[4, 176.324675]

course: 0
[1, 7.233766]
[1, 7.623377]
[1, 8.012987]
[1, 8.402597]
[1, 8.792208]
[1, 10.350649]
[1, 10.740260]
[1, 11.129870]
[1, 11.519481]
[1, 11.909091]
[2, 12.688312]
[1, 13.467532]
[1, 13.857143]
[1, 14.246753]
[1, 14.636364]
[1, 15.025974]
[1, 16.584416]
[1, 17.363636]
[2, 18.142857]
[2, 18.922078]
[1, 19.701299]
[1, 20.090909]
[1, 20.480519]
[1, 20.870130]
[1, 21.259740]
[1, 22.818182]
[1, 23.207792]
[1, 23.597403]
[1, 23.987013]
[1, 24.376623]
[2, 25.155844]
[1, 25.935065]
[1, 26.324675]
[1, 26.714286]
[1, 27.103896]
[1, 27.493506]
[2, 29.051948]
[2, 29.831169]
[1, 32.168831]
[1, 32.948052]
[1, 33.727273]
[1, 35.285714]
[1, 36.064935]
[2, 36.844156]
[1, 37.623377]
[1, 38.402597]
[1, 39.181818]
[1, 39.961039]
[1, 41.519481]
[1, 42.298701]
[4, 43.077922]
[3, 43.857143]
[2, 44.636364]
[2, 45.415584]
[1, 46.194805]
[1, 46.584416]
[1, 46.974026]
[1, 47.753247]
[1, 48.532468]
[2, 49.311688]
[2, 49.701299]
[2, 50.090909]
[2, 50.870130]
[2, 51.649351]
[1, 52.428571]
[1, 52.818182]
[1, 53.207792]
[1, 53.987013]
[1, 54.766234]
[1, 55.155844]
[1, 57.103896]
[2, 57.883117]
[2, 58.662338]
[2, 59.051948]
[2, 59.441558]
[1, 59.831169]
[1, 60.220779]
[2, 61.000000]
[1, 61.779221]
[1, 62.168831]
[1, 62.558442]
[1, 63.337662]
[2, 64.116883]
[2, 64.896104]
[2, 65.285714]
[2, 65.675325]
[3, 66.454545]
[3, 67.233766]
[3, 68.012987]
[3, 68.402597]
[3, 68.792208]
[1, 69.571429]
[2, 70.350649]
[2, 71.129870]
[2, 71.519481]
[2, 71.909091]
[1, 72.298701]
[1, 72.688312]
[2, 73.467532]
[1, 74.246753]
[1, 74.636364]
[1, 75.025974]
[1, 75.805195]
[2, 76.584416]
[2, 77.363636]
[2, 77.753247]
[2, 78.142857]
[3, 78.922078]
[3, 79.701299]
[3, 82.038961]
[3, 83.597403]
[3, 85.155844]
[3, 86.714286]
[2, 88.272727]
[2, 88.662338]
[2, 89.051948]
[2, 89.441558]
[1, 91.389610]
[1, 91.779221]
[1, 92.168831]
[1, 92.558442]
[2, 100.740260]
[2, 101.129870]
[2, 101.519481]
[2, 101.909091]
[1, 103.857143]
[1, 104.246753]
[1, 104.636364]
[1, 105.025974]
[1, 106.974026]
[1, 107.363636]
[1, 107.753247]
[1, 108.142857]
[2, 108.532468]
[2, 108.922078]
[2, 109.311688]
[2, 113.207792]
[2, 113.987013]
[1, 114.766234]
[1, 115.155844]
[1, 115.545455]
[1, 116.324675]
[1, 117.103896]
[2, 117.883117]
[2, 118.272727]
[2, 118.662338]
[2, 119.441558]
[2, 120.220779]
[1, 121.000000]
[1, 121.389610]
[1, 121.779221]
[1, 122.558442]
[1, 123.337662]
[1, 123.727273]
[2, 125.675325]
[2, 128.792208]
[2, 131.909091]
[3, 135.025974]
[3, 135.805195]
[4, 136.584416]
[4, 136.974026]
[4, 137.363636]
[3, 138.142857]
[4, 138.922078]
[4, 139.701299]
[4, 140.090909]
[4, 140.480519]
[3, 140.870130]
[3, 141.259740]
[4, 142.038961]
[3, 142.818182]
[3, 143.207792]
[3, 143.597403]
[3, 144.376623]
[4, 145.155844]
[4, 145.935065]
[4, 146.324675]
[4, 146.714286]
[3, 147.493506]
[3, 147.883117]
[3, 148.272727]
[3, 148.662338]
[1, 150.610390]
[1, 151.000000]
[1, 151.389610]
[1, 151.779221]
[1, 152.168831]
[1, 153.727273]
[1, 154.116883]
[1, 154.506494]
[1, 154.896104]
[1, 155.285714]
[2, 156.064935]
[1, 156.844156]
[1, 157.233766]
[1, 157.623377]
[1, 158.012987]
[1, 158.402597]
[1, 159.961039]
[1, 160.740260]
[2, 161.519481]
[2, 162.298701]
[1, 163.077922]
[1, 163.467532]
[1, 163.857143]
[1, 164.246753]
[1, 164.636364]
[1, 166.194805]
[1, 166.584416]
[1, 166.974026]
[1, 167.363636]
[1, 167.753247]
[2, 168.532468]
[1, 169.311688]
[1, 169.701299]
[1, 170.090909]
[1, 170.480519]
[1, 170.870130]
[1, 172.428571]
[2, 173.207792]
[1, 173.987013]
[1, 174.766234]
[3, 175.545455]
[3, 176.324675]
