course: 3
[1, 1.646000]
[1, 1.822471]
[2, 1.998941]
[1, 2.175412]
[1, 2.351882]
[1, 2.528353]
[2, 2.704824]
[2, 2.881294]
[1, 3.057765]
[1, 3.410706]
[2, 3.587176]
[2, 3.940118]
[1, 4.293059]
[2, 4.646000]
[1, 4.822471]
[2, 4.998941]
[1, 5.175412]
[1, 5.351882]
[1, 5.528353]
[2, 5.704824]
[1, 5.881294]
[1, 5.969529]
[1, 6.057765]
[1, 6.410706]
[2, 6.763647]
[2, 6.851882]
[1, 6.940118]
[2, 7.116588]
[1, 7.293059]
[1, 7.469529]
[2, 7.646000]
[1, 7.822471]
[1, 7.998941]
[1, 8.175412]
[2, 8.351882]
[2, 8.528353]
[1, 8.704824]
[1, 8.881294]
[1, 9.057765]
[2, 9.234235]
[2, 9.587176]
[1, 9.763647]
[2, 9.940118]
[2, 10.293059]
[1, 10.469529]
[1, 10.822471]
[2, 10.998941]
[2, 11.087176]
[1, 11.175412]
[2, 11.351882]
[1, 11.528353]
[2, 11.704824]
[2, 11.881294]
[2, 12.057765]
[2, 12.410706]
[1, 12.763647]
[1, 12.940118]
[2, 13.116588]
[1, 13.293059]
[2, 13.469529]
[1, 13.646000]
[1, 13.734235]
[1, 13.822471]
[2, 13.998941]
[2, 14.175412]
[1, 14.351882]
[1, 14.704824]
[2, 14.881294]
[2, 15.234235]
[1, 15.587176]
[2, 15.940118]
[1, 16.116588]
[2, 16.293059]
[2, 16.381294]
[1, 16.469529]
[1, 16.646000]
[1, 16.734235]
[1, 16.822471]
[1, 16.998941]
[2, 17.175412]
[2, 17.263647]
[1, 17.351882]
[2, 17.704824]
[2, 18.057765]
[2, 18.146000]
[1, 18.234235]
[2, 18.410706]
[1, 18.587176]
[2, 18.763647]
[1, 18.940118]
[2, 19.116588]
[1, 19.293059]
[1, 19.381294]
[1, 19.469529]
[2, 19.646000]
[1, 19.822471]
[2, 20.175412]
[1, 20.351882]
[1, 20.528353]
[2, 20.881294]
[1, 21.234235]
[2, 21.587176]
[1, 21.763647]
[2, 21.940118]
[2, 22.293059]
[2, 22.381294]
[2, 22.469529]
[1, 22.646000]
[1, 22.822471]
[2, 23.175412]
[1, 23.528353]
[2, 23.881294]
[1, 24.234235]
[2, 24.587176]
[1, 24.763647]
[1, 24.851882]
[1, 24.940118]
[2, 25.116588]
[2, 25.469529]
[2, 25.646000]
[2, 25.734235]
[2, 25.822471]
[2, 25.998941]
[2, 26.175412]
[2, 26.528353]
[2, 26.704824]
[2, 26.881294]
[1, 27.057765]
[2, 27.410706]
[1, 27.587176]
[1, 27.675412]
[1, 27.763647]
[2, 27.940118]
[2, 28.293059]
[2, 28.381294]
[2, 28.469529]
[2, 28.646000]
[2, 28.822471]
[2, 28.998941]
[2, 29.351882]
[2, 29.528353]
[2, 29.704824]
[1, 29.881294]
[2, 30.234235]
[1, 30.587176]
[1, 30.675412]
[1, 30.763647]
[1, 30.940118]
[2, 31.116588]
[1, 31.469529]
[1, 31.646000]
[1, 31.734235]
[2, 31.822471]
[2, 32.175412]
[2, 32.263647]
[1, 32.351882]
[2, 32.528353]
[1, 32.704824]
[1, 32.793059]
[1, 32.881294]
[2, 33.057765]
[1, 33.234235]
[1, 33.322471]
[1, 33.410706]
[1, 33.587176]
[2, 33.763647]
[2, 33.851882]
[1, 33.940118]
[1, 34.293059]
[1, 34.381294]
[1, 34.469529]
[1, 34.646000]
[2, 34.822471]
[1, 35.528353]
[1, 35.616588]
[2, 35.704824]
[2, 36.057765]
[2, 36.146000]
[1, 36.234235]
[1, 36.587176]
[1, 36.675412]
[2, 36.763647]
[2, 37.116588]
[2, 37.204824]
[1, 37.293059]
[2, 37.469529]
[1, 37.646000]
[2, 37.822471]
[2, 37.910706]
[2, 37.998941]
[1, 38.175412]
[1, 38.351882]
[2, 38.440118]
[2, 38.528353]
[2, 38.881294]
[1, 38.969529]
[1, 39.057765]
[1, 39.410706]
[2, 39.498941]
[2, 39.587176]
[2, 39.940118]
[1, 40.028353]
[1, 40.116588]
[2, 40.293059]
[1, 40.469529]
[2, 40.646000]
[2, 40.822471]
[2, 40.998941]
[1, 41.175412]
[1, 41.263647]
[1, 41.351882]
[1, 41.528353]
[2, 41.881294]
[2, 41.969529]
[2, 42.057765]
[2, 42.234235]
[1, 42.587176]
[1, 42.675412]
[1, 42.763647]
[2, 42.940118]
[2, 43.028353]
[2, 43.116588]
[1, 43.293059]
[1, 43.381294]
[1, 43.469529]
[2, 43.646000]
[2, 43.734235]
[2, 43.822471]
[1, 43.998941]
[2, 44.175412]
[2, 44.263647]
[1, 44.351882]
[2, 44.528353]
[2, 44.616588]
[1, 44.704824]
[1, 44.881294]
[1, 44.969529]
[1, 45.057765]
[2, 45.234235]
[2, 45.587176]
[1, 45.763647]
[2, 45.940118]
[2, 46.293059]
[2, 46.469529]
[3, 46.822471]
[1, 47.351882]
[1, 47.440118]
[1, 47.528353]
[2, 47.704824]
[1, 48.057765]
[1, 48.146000]
[1, 48.234235]
[1, 48.410706]
[2, 48.587176]
[1, 48.763647]
[3, 49.116588]
[3, 49.293059]
[3, 49.469529]
[3, 49.822471]
[3, 49.998941]
[3, 50.175412]
[4, 50.528353]
[4, 50.704824]
[4, 50.881294]
[2, 51.234235]
[2, 51.410706]
[2, 51.763647]
[2, 51.851882]
[2, 51.940118]
[2, 52.116588]
[2, 52.293059]
[1, 52.469529]
[1, 52.557765]
[1, 52.646000]
[2, 52.822471]
[2, 52.910706]
[2, 52.998941]
[1, 53.175412]
[1, 53.263647]
[2, 53.351882]
[2, 53.528353]
[2, 53.616588]
[1, 53.704824]
[1, 53.881294]
[1, 53.969529]
[1, 54.057765]
[2, 54.234235]
[2, 54.322471]
[2, 54.410706]
[1, 54.587176]
[1, 54.675412]
[2, 54.763647]
[2, 54.940118]
[1, 55.293059]
[1, 55.646000]
[2, 55.998941]
[1, 56.351882]
[2, 56.528353]
[2, 56.616588]
[1, 56.704824]
[1, 57.057765]
[2, 57.410706]
[2, 57.763647]
[1, 58.116588]
[2, 58.469529]
[1, 58.822471]
[2, 59.175412]
[2, 59.351882]
[2, 59.440118]
[1, 59.528353]
[2, 59.881294]
[1, 60.234235]
[1, 60.587176]
[1, 60.940118]
[1, 61.028353]
[1, 61.116588]
[2, 61.293059]
[1, 61.646000]
[1, 61.734235]
[1, 61.822471]
[2, 61.998941]
[1, 62.351882]
[2, 62.704824]
[1, 63.057765]
[1, 63.146000]
[1, 63.234235]
[2, 63.410706]
[1, 63.763647]
[1, 63.851882]
[1, 63.940118]
[2, 64.116588]
[2, 64.204824]
[2, 64.293059]
[1, 64.469529]
[1, 64.557765]
[1, 64.646000]
[2, 64.822471]
[2, 64.910706]
[2, 64.998941]
[1, 65.175412]
[1, 65.263647]
[2, 65.351882]
[1, 65.528353]
[2, 65.704824]
[2, 65.793059]
[1, 65.881294]
[2, 65.969529]
[2, 66.057765]
[1, 66.234235]
[2, 66.410706]
[1, 66.587176]
[1, 66.675412]
[2, 66.763647]
[1, 67.116588]
[1, 67.204824]
[1, 67.293059]
[2, 67.469529]
[1, 67.822471]
[1, 67.910706]
[1, 67.998941]
[1, 68.175412]
[2, 68.351882]
[2, 68.528353]
[3, 68.881294]
[4, 69.057765]
[3, 69.234235]
[3, 69.587176]
[4, 69.763647]
[3, 69.940118]
[3, 70.293059]
[4, 70.469529]
[3, 70.646000]
[3, 70.998941]
[4, 71.175412]
[2, 71.528353]
[2, 71.616588]
[2, 71.704824]
[2, 71.881294]
[2, 72.057765]
[1, 72.234235]
[1, 72.322471]
[1, 72.410706]
[2, 72.587176]
[2, 72.675412]
[2, 72.763647]
[1, 72.940118]
[1, 73.028353]
[2, 73.116588]
[2, 73.293059]
[2, 73.381294]
[1, 73.469529]
[1, 73.646000]
[1, 73.734235]
[1, 73.822471]
[1, 73.998941]
[1, 74.087176]
[1, 74.175412]
[1, 74.263647]
[2, 74.351882]
[2, 74.440118]
[2, 74.528353]
[2, 74.704824]
[1, 75.057765]
[1, 75.322471]
[1, 75.587176]
[1, 75.763647]
[2, 75.851882]
[1, 75.940118]
[1, 76.116588]
[2, 76.293059]
[1, 76.469529]
[1, 76.734235]
[1, 76.998941]
[2, 77.175412]
[1, 77.263647]
[2, 77.351882]
[2, 77.528353]
[2, 77.704824]
[1, 77.881294]
[1, 78.146000]
[1, 78.410706]
[1, 78.587176]
[2, 78.675412]
[1, 78.763647]
[1, 78.940118]
[2, 79.116588]
[1, 79.293059]
[1, 79.557765]
[1, 79.822471]
[2, 79.998941]
[2, 80.087176]
[2, 80.175412]
[2, 80.351882]
[2, 80.440118]
[2, 80.528353]
[1, 80.704824]
[1, 80.969529]
[1, 81.234235]
[1, 81.410706]
[2, 81.498941]
[1, 81.587176]
[1, 81.763647]
[2, 81.940118]
[1, 82.116588]
[1, 82.381294]
[1, 82.646000]
[2, 82.822471]
[1, 82.910706]
[2, 82.998941]
[2, 83.175412]
[2, 83.351882]
[1, 83.528353]
[2, 83.793059]
[2, 84.057765]
[1, 84.234235]
[2, 84.410706]
[2, 84.587176]
[2, 84.763647]
[2, 84.940118]
[2, 85.204824]
[2, 85.469529]
[1, 85.646000]
[2, 85.822471]
[2, 85.998941]
[2, 86.175412]
[3, 86.351882]

course: 2
[1, 1.646000]
[1, 1.998941]
[1, 2.351882]
[2, 2.528353]
[1, 2.704824]
[2, 2.881294]
[1, 3.057765]
[1, 3.410706]
[2, 3.587176]
[2, 3.940118]
[1, 4.293059]
[1, 4.646000]
[1, 4.822471]
[1, 5.175412]
[2, 5.351882]
[1, 5.528353]
[2, 5.704824]
[1, 5.881294]
[1, 6.057765]
[1, 6.410706]
[1, 6.763647]
[1, 6.940118]
[1, 7.293059]
[1, 7.646000]
[1, 7.998941]
[2, 8.175412]
[1, 8.351882]
[2, 8.528353]
[1, 8.704824]
[1, 9.057765]
[2, 9.234235]
[2, 9.587176]
[1, 9.940118]
[1, 10.293059]
[1, 10.469529]
[1, 10.822471]
[1, 10.998941]
[1, 11.175412]
[1, 11.528353]
[2, 11.881294]
[2, 12.057765]
[2, 12.410706]
[1, 12.763647]
[1, 12.940118]
[1, 13.293059]
[1, 13.646000]
[1, 13.822471]
[2, 13.998941]
[2, 14.175412]
[1, 14.351882]
[1, 14.704824]
[2, 14.881294]
[2, 15.234235]
[1, 15.587176]
[2, 15.940118]
[1, 16.116588]
[1, 16.469529]
[1, 16.646000]
[1, 16.822471]
[2, 17.175412]
[1, 17.351882]
[2, 17.704824]
[2, 18.057765]
[2, 18.234235]
[2, 18.410706]
[1, 18.587176]
[1, 18.940118]
[1, 19.293059]
[1, 19.469529]
[2, 19.646000]
[1, 19.822471]
[2, 20.175412]
[1, 20.351882]
[1, 20.528353]
[2, 20.881294]
[1, 21.234235]
[2, 21.587176]
[1, 22.646000]
[1, 22.822471]
[2, 23.175412]
[1, 23.528353]
[2, 23.881294]
[1, 24.234235]
[2, 24.587176]
[1, 24.763647]
[1, 24.940118]
[2, 25.116588]
[2, 25.469529]
[2, 25.646000]
[2, 25.998941]
[2, 26.175412]
[2, 26.528353]
[2, 26.704824]
[1, 27.057765]
[2, 27.410706]
[1, 27.763647]
[2, 27.940118]
[2, 28.293059]
[2, 28.469529]
[2, 28.822471]
[2, 28.998941]
[2, 29.351882]
[2, 29.528353]
[1, 29.881294]
[2, 30.234235]
[1, 30.587176]
[1, 30.763647]
[2, 31.116588]
[1, 31.469529]
[1, 31.646000]
[2, 31.822471]
[1, 32.175412]
[1, 32.351882]
[2, 32.528353]
[1, 32.704824]
[1, 33.057765]
[2, 33.410706]
[2, 33.587176]
[2, 33.940118]
[1, 34.293059]
[1, 34.381294]
[1, 34.469529]
[1, 34.646000]
[2, 34.822471]
[1, 35.528353]
[1, 35.616588]
[1, 35.704824]
[1, 36.057765]
[1, 36.146000]
[1, 36.234235]
[1, 36.587176]
[1, 36.675412]
[1, 36.763647]
[2, 37.116588]
[1, 37.293059]
[2, 37.469529]
[1, 37.646000]
[2, 37.998941]
[1, 38.351882]
[1, 38.440118]
[1, 38.528353]
[1, 38.881294]
[1, 38.969529]
[1, 39.057765]
[1, 39.410706]
[1, 39.498941]
[1, 39.587176]
[1, 39.940118]
[1, 40.116588]
[1, 40.293059]
[2, 40.469529]
[2, 40.646000]
[2, 40.822471]
[1, 41.175412]
[1, 41.528353]
[2, 41.881294]
[2, 42.234235]
[1, 42.587176]
[2, 42.940118]
[1, 43.293059]
[2, 43.646000]
[1, 43.998941]
[2, 44.175412]
[1, 44.351882]
[2, 44.528353]
[1, 44.704824]
[1, 45.057765]
[1, 45.234235]
[1, 45.587176]
[1, 45.763647]
[1, 45.940118]
[2, 46.293059]
[2, 46.469529]
[3, 46.822471]
[1, 47.351882]
[1, 47.528353]
[1, 47.704824]
[1, 48.057765]
[1, 48.234235]
[1, 48.410706]
[2, 48.587176]
[1, 48.763647]
[3, 49.116588]
[3, 49.293059]
[3, 49.469529]
[3, 49.822471]
[3, 49.998941]
[3, 50.175412]
[4, 50.528353]
[4, 50.704824]
[4, 50.881294]
[2, 51.234235]
[2, 51.410706]
[2, 51.763647]
[2, 51.940118]
[2, 52.116588]
[1, 52.469529]
[1, 52.822471]
[2, 53.175412]
[2, 53.528353]
[1, 53.881294]
[2, 54.234235]
[1, 54.587176]
[2, 54.940118]
[2, 59.528353]
[1, 59.881294]
[2, 60.234235]
[2, 60.587176]
[1, 60.940118]
[2, 61.293059]
[1, 61.646000]
[1, 61.822471]
[2, 61.998941]
[1, 62.351882]
[2, 62.704824]
[1, 63.057765]
[1, 63.234235]
[2, 63.410706]
[1, 63.763647]
[1, 63.940118]
[1, 64.116588]
[2, 64.469529]
[2, 64.646000]
[2, 64.822471]
[1, 65.175412]
[1, 65.528353]
[2, 65.704824]
[2, 66.057765]
[2, 66.234235]
[1, 66.587176]
[1, 66.763647]
[1, 67.116588]
[1, 67.293059]
[1, 67.469529]
[1, 67.822471]
[1, 67.998941]
[1, 68.175412]
[2, 68.351882]
[2, 68.528353]
[3, 68.881294]
[4, 69.057765]
[3, 69.234235]
[3, 69.587176]
[4, 69.763647]
[3, 69.940118]
[3, 70.293059]
[4, 70.469529]
[3, 70.646000]
[3, 70.998941]
[4, 71.175412]
[2, 71.528353]
[2, 71.704824]
[2, 71.881294]
[1, 72.234235]
[1, 72.587176]
[2, 72.940118]
[2, 73.293059]
[1, 73.646000]
[1, 73.822471]
[1, 73.998941]
[2, 74.351882]
[1, 74.528353]
[2, 74.704824]
[1, 75.057765]
[1, 75.322471]
[1, 75.763647]
[1, 75.940118]
[1, 76.116588]
[1, 76.469529]
[1, 76.734235]
[2, 77.175412]
[2, 77.351882]
[2, 77.528353]
[1, 77.881294]
[1, 78.146000]
[1, 78.587176]
[1, 78.763647]
[1, 78.940118]
[1, 79.293059]
[1, 79.557765]
[2, 79.998941]
[2, 80.087176]
[2, 80.175412]
[2, 80.351882]
[2, 80.528353]
[1, 80.704824]
[1, 80.969529]
[1, 81.410706]
[1, 81.587176]
[1, 81.763647]
[1, 82.116588]
[1, 82.381294]
[2, 82.822471]
[2, 82.998941]
[2, 83.175412]
[1, 83.528353]
[1, 84.234235]
[2, 84.410706]
[2, 84.587176]
[2, 84.763647]
[2, 84.940118]
[2, 85.469529]
[1, 85.646000]
[2, 85.822471]
[2, 85.998941]
[2, 86.175412]
[3, 86.351882]

course: 1
[1, 1.646000]
[1, 2.351882]
[1, 2.704824]
[1, 3.057765]
[1, 3.587176]
[1, 3.940118]
[1, 4.293059]
[1, 4.646000]
[1, 4.822471]
[1, 5.175412]
[1, 5.528353]
[1, 5.881294]
[1, 6.410706]
[1, 6.763647]
[1, 6.940118]
[1, 7.293059]
[1, 7.998941]
[1, 8.351882]
[1, 8.704824]
[1, 9.234235]
[1, 9.587176]
[1, 9.940118]
[1, 10.293059]
[2, 11.528353]
[2, 11.881294]
[2, 12.057765]
[2, 12.410706]
[1, 12.940118]
[1, 13.646000]
[1, 13.822471]
[1, 13.998941]
[1, 14.351882]
[1, 14.881294]
[1, 15.234235]
[1, 15.587176]
[1, 15.940118]
[1, 16.116588]
[1, 16.469529]
[1, 16.822471]
[1, 17.175412]
[1, 17.704824]
[1, 18.057765]
[1, 18.234235]
[1, 18.587176]
[1, 19.293059]
[1, 19.646000]
[1, 19.822471]
[1, 20.175412]
[1, 20.528353]
[2, 20.881294]
[1, 21.234235]
[1, 21.587176]
[2, 22.822471]
[2, 23.175412]
[2, 23.528353]
[2, 23.881294]
[1, 24.234235]
[1, 24.587176]
[1, 24.763647]
[1, 25.293059]
[2, 25.646000]
[2, 25.998941]
[2, 26.175412]
[1, 27.057765]
[1, 27.410706]
[1, 27.587176]
[1, 28.116588]
[2, 28.469529]
[2, 28.822471]
[2, 28.998941]
[2, 29.528353]
[1, 29.881294]
[2, 30.234235]
[1, 30.587176]
[1, 30.763647]
[1, 31.116588]
[1, 31.469529]
[1, 31.646000]
[1, 31.822471]
[1, 32.175412]
[1, 32.351882]
[1, 35.528353]
[1, 35.704824]
[1, 36.057765]
[1, 36.234235]
[1, 36.587176]
[1, 36.763647]
[1, 37.116588]
[1, 37.293059]
[2, 37.646000]
[2, 37.998941]
[1, 38.351882]
[1, 38.528353]
[1, 38.881294]
[1, 39.057765]
[1, 39.410706]
[1, 39.587176]
[1, 39.940118]
[1, 40.116588]
[1, 40.293059]
[1, 40.469529]
[2, 40.822471]
[1, 41.175412]
[1, 41.528353]
[2, 41.881294]
[2, 42.234235]
[1, 42.587176]
[1, 42.940118]
[2, 43.293059]
[1, 43.646000]
[1, 43.998941]
[1, 44.351882]
[2, 44.704824]
[1, 45.057765]
[1, 45.234235]
[1, 45.587176]
[1, 45.763647]
[1, 45.940118]
[2, 46.293059]
[2, 46.469529]
[3, 46.822471]
[1, 47.351882]
[1, 47.528353]
[1, 47.704824]
[1, 48.057765]
[1, 48.234235]
[1, 48.587176]
[1, 48.763647]
[2, 51.763647]
[1, 52.469529]
[1, 52.822471]
[2, 53.175412]
[2, 53.528353]
[1, 53.881294]
[1, 54.234235]
[1, 54.587176]
[1, 54.940118]
[2, 59.528353]
[2, 60.234235]
[1, 60.940118]
[2, 61.293059]
[1, 61.646000]
[1, 61.998941]
[1, 62.351882]
[2, 62.704824]
[1, 63.057765]
[2, 63.410706]
[1, 63.763647]
[1, 64.116588]
[2, 64.469529]
[2, 64.822471]
[1, 65.175412]
[2, 65.704824]
[1, 66.587176]
[1, 66.763647]
[1, 67.116588]
[1, 67.293059]
[1, 67.469529]
[1, 67.822471]
[1, 67.998941]
[1, 68.351882]
[1, 68.528353]
[2, 71.528353]
[1, 72.234235]
[1, 72.587176]
[2, 72.940118]
[2, 73.293059]
[1, 73.646000]
[1, 73.998941]
[2, 74.351882]
[2, 74.704824]
[1, 75.057765]
[1, 75.763647]
[1, 76.469529]
[2, 77.175412]
[2, 77.351882]
[2, 77.528353]
[1, 77.881294]
[1, 78.587176]
[1, 79.293059]
[2, 79.998941]
[2, 80.175412]
[2, 80.351882]
[2, 80.528353]
[1, 80.704824]
[1, 81.410706]
[1, 82.116588]
[2, 82.822471]
[2, 82.998941]
[2, 83.175412]
[1, 83.528353]
[1, 84.234235]
[1, 84.940118]
[1, 85.646000]
[2, 85.998941]
[3, 86.351882]

course: 0
[1, 1.646000]
[1, 3.057765]
[1, 4.469529]
[1, 5.881294]
[2, 6.587176]
[1, 7.293059]
[1, 8.704824]
[1, 10.116588]
[2, 11.528353]
[1, 12.940118]
[1, 13.646000]
[1, 14.351882]
[1, 15.763647]
[1, 16.469529]
[1, 17.175412]
[2, 17.881294]
[1, 18.587176]
[1, 19.293059]
[1, 19.998941]
[1, 20.704824]
[1, 21.410706]
[1, 24.234235]
[1, 24.940118]
[2, 25.646000]
[2, 25.998941]
[1, 27.057765]
[1, 27.763647]
[2, 28.469529]
[2, 28.822471]
[1, 29.881294]
[1, 30.234235]
[1, 30.587176]
[1, 31.293059]
[1, 31.646000]
[2, 32.351882]
[1, 35.528353]
[1, 36.234235]
[1, 36.940118]
[1, 37.293059]
[1, 37.646000]
[1, 38.351882]
[1, 39.057765]
[2, 39.763647]
[2, 40.116588]
[2, 40.469529]
[1, 41.175412]
[1, 41.528353]
[1, 41.881294]
[1, 42.587176]
[1, 42.940118]
[1, 43.293059]
[2, 43.646000]
[1, 43.998941]
[1, 44.351882]
[1, 44.704824]
[3, 46.822471]
[1, 47.528353]
[1, 48.234235]
[1, 48.587176]
[1, 52.469529]
[1, 52.822471]
[1, 53.175412]
[1, 53.881294]
[1, 54.234235]
[1, 54.587176]
[2, 59.528353]
[1, 60.940118]
[1, 61.646000]
[1, 62.351882]
[1, 63.057765]
[2, 63.763647]
[2, 64.469529]
[2, 65.175412]
[1, 66.587176]
[1, 67.293059]
[1, 67.998941]
[1, 68.351882]
[1, 72.234235]
[1, 72.587176]
[1, 72.940118]
[1, 73.646000]
[1, 73.998941]
[1, 74.351882]
[1, 75.057765]
[1, 76.469529]
[2, 77.175412]
[1, 77.881294]
[1, 79.293059]
[2, 79.998941]
[2, 80.351882]
[1, 80.704824]
[1, 82.116588]
[2, 82.822471]
[1, 83.528353]
[2, 84.940118]
[2, 85.646000]
[2, 85.998941]
[3, 86.351882]
