course: 4
[2, 2.172455]
[2, 2.240636]
[2, 2.308818]
[2, 2.377000]
[2, 2.445182]
[2, 2.581545]
[3, 2.717909]
[2, 3.808818]
[1, 3.945182]
[1, 4.013364]
[2, 4.081545]
[2, 4.217909]
[1, 4.354273]
[1, 4.422455]
[2, 4.490636]
[2, 4.763364]
[2, 4.831545]
[1, 4.899727]
[2, 5.581545]
[2, 5.649727]
[2, 5.717909]
[2, 5.854273]
[2, 5.899727]
[2, 5.945182]
[1, 5.990636]
[2, 6.263364]
[1, 6.399727]
[1, 6.467909]
[1, 6.536091]
[2, 6.672455]
[1, 6.808818]
[2, 6.945182]
[2, 7.013364]
[1, 7.081545]
[2, 7.763364]
[2, 7.831545]
[1, 7.899727]
[2, 7.967909]
[1, 8.036091]
[2, 8.104273]
[2, 8.172455]
[1, 8.308818]
[1, 8.377000]
[2, 8.445182]
[2, 8.581545]
[1, 8.717909]
[1, 8.786091]
[2, 8.854273]
[2, 9.127000]
[2, 9.195182]
[1, 9.263364]
[1, 9.399727]
[2, 9.536091]
[1, 9.672455]
[2, 9.945182]
[1, 10.081545]
[1, 10.127000]
[1, 10.217909]
[1, 10.354273]
[1, 10.627000]
[2, 10.899727]
[1, 11.036091]
[3, 11.445182]
[2, 11.717909]
[1, 11.854273]
[1, 11.922455]
[2, 11.990636]
[1, 12.127000]
[1, 12.172455]
[2, 12.263364]
[1, 12.399727]
[2, 12.536091]
[2, 12.604273]
[2, 12.672455]
[2, 12.740636]
[1, 12.808818]
[2, 12.945182]
[2, 13.081545]
[1, 13.217909]
[1, 13.263364]
[2, 13.354273]
[2, 13.422455]
[2, 13.490636]
[2, 13.558818]
[2, 13.899727]
[1, 14.036091]
[2, 14.172455]
[1, 14.263364]
[1, 14.308818]
[2, 14.445182]
[2, 14.513364]
[2, 14.581545]
[1, 14.717909]
[2, 14.854273]
[1, 14.922455]
[2, 15.058818]
[1, 15.127000]
[1, 15.263364]
[1, 15.308818]
[1, 15.354273]
[1, 15.399727]
[1, 15.445182]
[1, 15.490636]
[2, 15.536091]
[2, 15.672455]
[1, 15.808818]
[2, 16.081545]
[1, 16.217909]
[1, 16.286091]
[2, 16.354273]
[1, 16.490636]
[1, 16.536091]
[2, 16.627000]
[1, 16.763364]
[2, 16.899727]
[2, 16.967909]
[2, 17.036091]
[2, 17.104273]
[1, 17.172455]
[2, 17.308818]
[2, 17.445182]
[1, 17.581545]
[1, 17.627000]
[2, 17.717909]
[2, 17.786091]
[2, 17.854273]
[2, 17.922455]
[2, 18.263364]
[1, 18.399727]
[2, 18.536091]
[1, 18.627000]
[1, 18.672455]
[2, 18.808818]
[2, 18.877000]
[2, 18.945182]
[1, 19.081545]
[2, 19.217909]
[1, 19.286091]
[2, 19.422455]
[1, 19.490636]
[1, 19.627000]
[1, 19.672455]
[1, 19.717909]
[1, 19.763364]
[1, 19.808818]
[1, 19.854273]
[2, 19.899727]
[2, 20.036091]
[1, 20.172455]
[1, 20.445182]
[1, 20.581545]
[1, 20.717909]
[1, 20.854273]
[1, 20.990636]
[1, 21.127000]
[1, 21.263364]
[1, 21.399727]
[1, 21.467909]
[1, 21.536091]
[1, 21.672455]
[1, 21.808818]
[1, 21.945182]
[1, 21.990636]
[1, 22.036091]
[1, 22.081545]
[1, 22.149727]
[1, 22.217909]
[1, 22.286091]
[1, 22.354273]
[1, 22.445182]
[1, 22.536091]
[1, 22.627000]
[1, 22.695182]
[1, 22.763364]
[1, 22.831545]
[1, 22.899727]
[1, 22.945182]
[1, 22.990636]
[1, 23.036091]
[1, 23.081545]
[1, 23.127000]
[1, 23.172455]
[1, 23.217909]
[1, 23.263364]
[1, 23.308818]
[1, 23.354273]
[1, 23.399727]
[2, 23.581545]
[1, 23.717909]
[1, 23.854273]
[2, 23.990636]
[1, 24.127000]
[1, 24.195182]
[2, 24.263364]
[2, 24.331545]
[2, 24.399727]
[3, 24.536091]
[1, 24.808818]
[1, 24.945182]
[1, 25.013364]
[2, 25.081545]
[2, 25.354273]
[1, 25.490636]
[1, 25.899727]
[1, 26.036091]
[2, 26.172455]
[1, 26.445182]
[1, 26.717909]
[1, 26.763364]
[1, 26.808818]
[1, 26.854273]
[1, 26.922455]
[2, 27.263364]
[2, 27.536091]
[1, 27.672455]
[1, 28.081545]
[1, 28.217909]
[2, 28.354273]
[1, 28.445182]
[2, 28.536091]
[1, 28.627000]
[1, 28.717909]
[2, 28.808818]
[1, 28.899727]
[1, 29.172455]
[1, 29.308818]
[1, 29.377000]
[2, 29.445182]
[2, 29.717909]
[1, 29.854273]
[1, 30.263364]
[1, 30.399727]
[2, 30.536091]
[1, 30.808818]
[2, 31.081545]
[2, 31.354273]
[2, 31.490636]
[2, 31.627000]
[2, 31.763364]
[2, 31.831545]
[2, 31.899727]
[2, 32.036091]
[2, 32.172455]
[2, 32.240636]
[2, 32.308818]
[2, 32.354273]
[2, 32.399727]
[2, 32.445182]
[2, 32.490636]
[2, 32.536091]
[2, 32.581545]
[2, 32.649727]
[1, 32.717909]
[3, 33.263364]
[2, 33.536091]
[1, 33.672455]
[1, 33.740636]
[1, 33.808818]
[2, 34.081545]
[1, 34.217909]
[2, 34.627000]
[1, 34.763364]
[1, 34.899727]
[2, 35.172455]
[1, 35.445182]
[1, 35.490636]
[1, 35.536091]
[1, 35.581545]
[1, 35.649727]
[1, 35.990636]
[2, 36.263364]
[1, 36.399727]
[2, 36.808818]
[1, 36.945182]
[1, 37.081545]
[1, 37.172455]
[2, 37.263364]
[2, 37.308818]
[1, 37.354273]
[1, 37.445182]
[2, 37.536091]
[1, 37.627000]
[2, 37.899727]
[1, 38.036091]
[2, 38.104273]
[1, 38.172455]
[2, 38.445182]
[1, 38.581545]
[1, 38.717909]
[1, 38.854273]
[2, 38.990636]
[1, 39.127000]
[1, 39.263364]
[1, 39.399727]
[1, 39.467909]
[2, 39.536091]
[1, 39.672455]
[2, 39.808818]
[2, 40.013364]
[2, 40.149727]
[2, 40.217909]
[2, 40.354273]
[2, 40.490636]
[2, 40.558818]
[2, 40.627000]
[2, 40.763364]
[3, 40.899727]
[4, 41.717909]
[1, 41.990636]
[1, 42.058818]
[2, 42.195182]
[1, 42.331545]
[1, 42.399727]
[1, 42.467909]
[2, 42.536091]
[1, 42.672455]
[1, 42.740636]
[2, 42.808818]
[1, 42.945182]
[2, 43.081545]
[2, 43.149727]
[2, 43.217909]
[2, 43.286091]
[2, 43.354273]
[2, 43.490636]
[2, 43.536091]
[2, 43.581545]
[2, 43.695182]
[2, 43.763364]
[2, 43.831545]
[1, 43.899727]
[3, 44.036091]
[1, 44.172455]
[1, 44.240636]
[2, 44.377000]
[1, 44.513364]
[1, 44.581545]
[1, 44.649727]
[2, 44.717909]
[1, 44.854273]
[1, 44.922455]
[2, 44.990636]
[1, 45.058818]
[2, 45.127000]
[2, 45.263364]
[2, 45.331545]
[2, 45.399727]
[2, 45.445182]
[2, 45.490636]
[2, 45.604273]
[2, 45.672455]
[2, 45.740636]
[1, 45.808818]
[4, 46.081545]
[1, 46.354273]
[1, 46.422455]
[2, 46.558818]
[1, 46.695182]
[1, 46.763364]
[2, 46.899727]
[1, 47.036091]
[1, 47.104273]
[2, 47.172455]
[1, 47.308818]
[2, 47.445182]
[2, 47.513364]
[2, 47.581545]
[2, 47.649727]
[2, 47.717909]
[2, 47.854273]
[2, 47.899727]
[2, 47.945182]
[2, 48.058818]
[2, 48.127000]
[2, 48.195182]
[1, 48.263364]
[3, 48.399727]
[1, 48.536091]
[1, 48.604273]
[2, 48.740636]
[1, 48.877000]
[1, 48.945182]
[2, 49.081545]
[1, 49.217909]
[1, 49.286091]
[2, 49.354273]
[1, 49.490636]
[2, 49.627000]
[2, 49.831545]
[2, 49.967909]
[2, 50.036091]
[2, 50.172455]
[2, 50.308818]
[2, 50.377000]
[1, 50.445182]
[2, 50.581545]
[1, 50.717909]
[1, 50.786091]
[2, 50.922455]
[1, 51.058818]
[1, 51.127000]
[1, 51.195182]
[2, 51.263364]
[1, 51.399727]
[1, 51.467909]
[2, 51.536091]
[1, 51.672455]
[2, 51.808818]
[2, 51.877000]
[2, 51.945182]
[2, 52.013364]
[2, 52.081545]
[2, 52.217909]
[2, 52.263364]
[2, 52.308818]
[2, 52.422455]
[2, 52.490636]
[2, 52.558818]
[1, 52.627000]
[3, 52.763364]
[1, 52.899727]
[1, 52.967909]
[2, 53.104273]
[1, 53.240636]
[1, 53.308818]
[1, 53.377000]
[2, 53.445182]
[1, 53.581545]
[1, 53.649727]
[2, 53.717909]
[1, 53.786091]
[2, 53.854273]
[2, 53.990636]
[2, 54.058818]
[2, 54.127000]
[2, 54.172455]
[2, 54.217909]
[2, 54.331545]
[2, 54.399727]
[2, 54.467909]
[1, 54.536091]
[4, 54.808818]
[1, 55.081545]
[1, 55.149727]
[2, 55.286091]
[1, 55.422455]
[1, 55.490636]
[1, 55.558818]
[2, 55.627000]
[1, 55.695182]
[2, 55.831545]
[2, 55.967909]
[1, 56.036091]
[1, 56.104273]
[2, 56.172455]
[2, 56.240636]
[1, 56.308818]
[2, 56.377000]
[1, 56.513364]
[1, 56.581545]
[1, 56.649727]
[2, 56.717909]
[2, 56.786091]
[1, 56.854273]
[2, 56.922455]
[2, 57.058818]
[1, 57.127000]
[1, 57.195182]
[2, 57.263364]
[1, 57.331545]
[1, 57.399727]
[2, 57.467909]
[1, 57.536091]
[1, 57.604273]
[2, 57.672455]
[2, 57.740636]
[1, 57.808818]
[1, 57.877000]
[1, 57.945182]
[1, 58.013364]
[2, 58.081545]
[2, 58.149727]
[2, 58.217909]
[2, 58.286091]
[1, 58.354273]
[2, 58.490636]
[2, 58.627000]
[1, 58.763364]
[2, 58.831545]
[1, 58.899727]
[1, 59.036091]
[1, 59.104273]
[2, 59.172455]
[1, 59.445182]
[2, 59.717909]
[2, 59.854273]
[2, 59.990636]
[2, 60.058818]
[2, 60.127000]
[2, 60.195182]
[2, 60.263364]
[2, 60.399727]
[2, 60.536091]
[2, 60.808818]
[2, 61.081545]
[2, 61.149727]
[2, 61.217909]
[2, 61.354273]
[2, 61.490636]
[2, 61.627000]
[2, 61.899727]
[2, 62.172455]
[2, 62.240636]
[2, 62.308818]
[2, 62.445182]
[2, 62.717909]
[2, 62.990636]
[2, 63.263364]
[2, 63.399727]
[1, 63.808818]
[1, 63.945182]
[1, 64.081545]
[1, 64.217909]
[1, 64.286091]
[2, 64.354273]
[1, 64.490636]
[1, 64.627000]
[1, 64.763364]
[1, 65.036091]
[1, 65.104273]
[1, 65.172455]
[1, 65.308818]
[2, 65.445182]
[1, 65.581545]
[1, 65.627000]
[1, 65.672455]
[1, 65.717909]
[1, 65.854273]
[2, 65.990636]
[1, 66.127000]
[2, 66.263364]
[1, 66.399727]
[1, 66.536091]
[1, 66.604273]
[2, 66.672455]
[1, 66.740636]
[2, 66.808818]
[1, 66.945182]
[2, 67.081545]
[2, 67.149727]
[2, 67.217909]
[2, 67.286091]
[1, 67.354273]
[1, 67.422455]
[1, 67.490636]
[1, 67.558818]
[2, 67.627000]
[1, 67.672455]
[1, 67.717909]
[1, 67.763364]
[2, 67.831545]
[2, 67.877000]
[1, 67.922455]
[1, 67.967909]
[2, 68.036091]
[2, 68.081545]
[2, 68.127000]
[1, 68.172455]
[1, 68.445182]
[1, 68.581545]
[1, 68.717909]
[1, 68.854273]
[1, 68.990636]
[1, 69.127000]
[1, 69.263364]
[1, 69.399727]
[1, 69.536091]
[1, 69.672455]
[1, 69.808818]
[1, 69.945182]
[1, 70.013364]
[1, 70.081545]
[1, 70.217909]
[1, 70.354273]
[1, 70.490636]
[1, 70.627000]
[1, 70.763364]
[1, 70.899727]
[1, 71.036091]
[1, 71.104273]
[2, 71.172455]
[2, 71.240636]
[1, 71.308818]
[2, 71.445182]
[2, 71.513364]
[1, 71.581545]
[1, 71.717909]
[1, 71.786091]
[1, 71.854273]
[1, 71.922455]
[1, 71.990636]
[1, 72.127000]
[1, 72.195182]
[1, 72.263364]
[2, 72.399727]
[1, 72.536091]
[1, 72.604273]
[1, 72.672455]
[1, 72.740636]
[1, 72.808818]
[1, 72.877000]
[1, 72.945182]
[1, 73.013364]
[1, 73.081545]
[1, 73.149727]
[1, 73.217909]
[1, 73.286091]
[1, 73.354273]
[1, 73.422455]
[1, 73.490636]
[1, 73.558818]
[1, 73.627000]
[1, 73.695182]
[1, 73.763364]
[1, 73.831545]
[1, 73.899727]
[1, 73.967909]
[1, 74.036091]
[1, 74.104273]
[1, 74.172455]
[1, 74.240636]
[1, 74.308818]
[1, 74.377000]
[1, 74.445182]
[1, 74.513364]
[1, 74.581545]
[1, 74.649727]
[1, 74.717909]
[1, 74.763364]
[1, 74.808818]
[1, 74.854273]
[1, 74.922455]
[1, 74.990636]
[1, 75.058818]
[1, 75.127000]
[1, 75.195182]
[1, 75.263364]
[1, 75.308818]
[1, 75.354273]
[1, 75.399727]
[1, 75.467909]
[1, 75.536091]
[1, 75.604273]
[1, 75.672455]
[1, 75.740636]
[2, 75.808818]
[2, 75.877000]
[1, 75.945182]
[2, 76.081545]
[2, 76.149727]
[1, 76.217909]
[2, 76.354273]
[2, 76.399727]
[4, 80.990636]
[1, 81.263364]
[2, 81.536091]
[1, 81.672455]
[1, 81.945182]
[2, 82.081545]
[1, 82.286091]
[1, 82.354273]
[1, 82.490636]
[2, 82.627000]
[1, 82.763364]
[1, 83.036091]
[1, 83.104273]
[2, 83.172455]
[1, 83.308818]
[1, 83.445182]
[2, 83.717909]
[1, 83.854273]
[1, 84.127000]
[2, 84.263364]
[2, 84.331545]
[1, 84.399727]
[1, 84.467909]
[1, 84.536091]
[1, 84.672455]
[1, 84.740636]
[2, 84.808818]
[1, 84.945182]
[2, 85.013364]
[2, 85.149727]
[1, 85.217909]
[2, 85.354273]
[2, 85.422455]
[2, 85.490636]
[2, 85.558818]
[1, 85.627000]
[2, 85.899727]
[1, 86.036091]
[1, 86.308818]
[2, 86.445182]
[1, 86.649727]
[1, 86.717909]
[1, 86.854273]
[2, 86.990636]
[1, 87.127000]
[1, 87.399727]
[1, 87.467909]
[2, 87.536091]
[1, 87.672455]
[1, 87.808818]
[2, 88.081545]
[1, 88.217909]
[1, 88.490636]
[2, 88.627000]
[2, 88.695182]
[1, 88.763364]
[1, 88.831545]
[1, 89.036091]
[1, 89.104273]
[2, 89.172455]
[1, 89.308818]
[2, 89.445182]
[2, 89.513364]
[1, 89.581545]
[2, 89.717909]
[1, 89.786091]
[1, 89.854273]
[1, 89.922455]
[1, 89.990636]
[1, 90.263364]
[1, 90.399727]
[1, 90.536091]
[1, 90.672455]
[1, 90.808818]
[1, 90.877000]
[1, 90.945182]
[1, 91.013364]
[1, 91.081545]
[1, 91.217909]
[1, 91.354273]
[1, 91.422455]
[1, 91.490636]
[1, 91.558818]
[1, 91.627000]
[1, 91.695182]
[1, 91.763364]
[1, 91.831545]
[2, 91.899727]
[3, 92.172455]
[1, 92.445182]
[4, 92.581545]
[4, 92.854273]
[4, 94.081545]
[1, 94.354273]
[1, 94.422455]
[2, 94.490636]
[1, 94.558818]
[2, 94.627000]
[2, 94.695182]
[1, 94.763364]
[1, 94.831545]
[2, 94.899727]
[1, 94.967909]
[2, 95.036091]
[2, 95.104273]
[1, 95.240636]
[1, 95.308818]
[1, 95.377000]
[2, 95.445182]
[2, 95.513364]
[2, 95.581545]
[1, 95.649727]
[2, 95.717909]
[2, 95.786091]
[1, 95.854273]
[2, 95.990636]
[2, 96.058818]
[1, 96.127000]
[2, 96.263364]
[2, 96.331545]
[2, 96.399727]
[1, 96.467909]
[1, 96.536091]
[1, 96.604273]
[2, 96.672455]
[1, 96.740636]
[2, 96.808818]
[2, 96.877000]
[1, 96.945182]
[1, 97.013364]
[2, 97.081545]
[1, 97.149727]
[2, 97.217909]
[2, 97.286091]
[1, 97.354273]
[1, 97.422455]
[2, 97.490636]
[2, 97.558818]
[1, 97.627000]
[2, 97.695182]
[2, 97.763364]
[2, 97.831545]
[1, 97.899727]
[2, 98.036091]
[2, 98.104273]
[1, 98.172455]
[1, 98.240636]
[2, 98.308818]
[1, 98.377000]
[1, 98.445182]
[2, 98.513364]
[2, 98.581545]
[2, 98.649727]
[1, 98.717909]
[1, 98.786091]
[2, 98.854273]
[1, 98.922455]
[2, 98.990636]
[2, 99.058818]
[1, 99.127000]
[1, 99.195182]
[2, 99.263364]
[1, 99.331545]
[2, 99.399727]
[2, 99.467909]
[1, 99.604273]
[1, 99.672455]
[1, 99.740636]
[2, 99.808818]
[2, 99.877000]
[2, 99.945182]
[1, 100.013364]
[2, 100.081545]
[2, 100.149727]
[1, 100.217909]
[2, 100.354273]
[2, 100.422455]
[1, 100.490636]
[2, 100.627000]
[2, 100.695182]
[1, 100.763364]
[2, 100.831545]
[1, 100.899727]
[1, 100.967909]
[2, 101.036091]
[1, 101.104273]
[2, 101.172455]
[2, 101.240636]
[1, 101.308818]
[2, 101.377000]
[1, 101.445182]
[1, 101.513364]
[2, 101.581545]
[1, 101.649727]
[2, 101.717909]
[2, 101.786091]
[1, 101.854273]
[2, 101.922455]
[2, 102.058818]
[1, 102.127000]
[1, 102.195182]
[2, 102.263364]
[2, 102.331545]
[1, 102.399727]
[1, 102.467909]
[2, 102.536091]
[2, 102.581545]
[2, 102.627000]
[1, 102.672455]
[1, 102.740636]
[2, 102.808818]
[2, 102.945182]
[1, 103.081545]
[1, 103.149727]
[2, 103.217909]
[1, 103.286091]
[2, 103.354273]
[2, 103.422455]
[1, 103.490636]
[1, 103.558818]
[2, 103.627000]
[1, 103.695182]
[2, 103.763364]
[2, 103.831545]
[1, 103.967909]
[1, 104.036091]
[1, 104.104273]
[2, 104.172455]
[2, 104.240636]
[2, 104.308818]
[1, 104.377000]
[2, 104.445182]
[2, 104.513364]
[1, 104.581545]
[2, 104.717909]
[2, 104.786091]
[1, 104.854273]
[2, 104.990636]
[2, 105.058818]
[2, 105.127000]
[1, 105.195182]
[1, 105.263364]
[1, 105.331545]
[2, 105.399727]
[1, 105.467909]
[2, 105.536091]
[2, 105.604273]
[1, 105.672455]
[1, 105.740636]
[2, 105.808818]
[1, 105.877000]
[2, 105.945182]
[2, 106.013364]
[1, 106.081545]
[1, 106.149727]
[2, 106.217909]
[2, 106.286091]
[1, 106.354273]
[2, 106.422455]
[2, 106.490636]
[2, 106.558818]
[1, 106.627000]
[2, 106.763364]
[2, 106.831545]
[1, 106.899727]
[1, 106.967909]
[2, 107.036091]
[1, 107.104273]
[1, 107.172455]
[2, 107.240636]
[2, 107.308818]
[2, 107.377000]
[1, 107.445182]
[2, 107.513364]
[1, 107.581545]
[1, 107.649727]
[2, 107.717909]
[2, 107.786091]
[1, 107.854273]
[2, 107.922455]
[1, 107.990636]
[1, 108.058818]
[2, 108.127000]
[2, 108.195182]
[1, 108.331545]
[2, 108.399727]
[1, 108.467909]
[2, 108.536091]
[2, 108.604273]
[1, 108.672455]
[2, 108.740636]
[2, 108.808818]
[1, 108.877000]
[2, 108.945182]
[2, 109.013364]
[1, 109.081545]
[1, 109.149727]
[2, 109.217909]
[2, 109.286091]
[1, 109.354273]
[1, 109.399727]
[1, 109.445182]
[1, 109.490636]
[1, 109.536091]
[1, 109.581545]
[2, 109.627000]
[1, 109.899727]
[4, 110.036091]
[4, 110.308818]
[3, 110.581545]
[2, 111.263364]
[1, 111.399727]
[1, 111.467909]
[2, 111.536091]
[2, 111.604273]
[2, 111.672455]
[3, 111.808818]
[2, 112.081545]
[1, 112.217909]
[1, 112.286091]
[1, 112.354273]
[2, 112.627000]
[1, 112.763364]
[2, 113.172455]
[1, 113.308818]
[1, 113.445182]
[2, 113.717909]
[1, 113.990636]
[1, 114.036091]
[1, 114.081545]
[1, 114.127000]
[1, 114.195182]
[1, 114.536091]
[2, 114.808818]
[1, 114.945182]
[2, 115.354273]
[1, 115.490636]
[1, 115.627000]
[1, 115.717909]
[2, 115.808818]
[2, 115.854273]
[1, 115.899727]
[1, 115.990636]
[2, 116.081545]
[1, 116.172455]
[2, 116.445182]
[1, 116.581545]
[1, 116.649727]
[1, 116.717909]
[2, 116.990636]
[1, 117.127000]
[2, 117.536091]
[1, 117.672455]
[1, 117.808818]
[2, 118.081545]
[1, 118.354273]
[1, 118.399727]
[1, 118.445182]
[1, 118.490636]
[1, 118.558818]
[1, 118.899727]
[2, 119.172455]
[1, 119.308818]
[1, 119.581545]
[1, 119.649727]
[1, 119.717909]
[1, 119.786091]
[1, 119.854273]
[1, 119.922455]
[2, 119.990636]
[1, 120.127000]
[3, 120.536091]
[2, 121.627000]
[1, 121.763364]
[1, 121.831545]
[2, 121.899727]
[2, 122.036091]
[1, 122.172455]
[1, 122.240636]
[2, 122.308818]
[3, 122.717909]

course: 3
[3, 2.717909]
[1, 3.263364]
[2, 3.399727]
[2, 3.672455]
[2, 3.945182]
[2, 4.013364]
[1, 4.081545]
[2, 4.354273]
[2, 4.627000]
[1, 4.899727]
[1, 5.308818]
[1, 5.717909]
[2, 5.990636]
[2, 6.399727]
[2, 6.672455]
[1, 7.081545]
[1, 7.627000]
[2, 7.763364]
[2, 8.036091]
[2, 8.308818]
[2, 8.377000]
[1, 8.445182]
[2, 8.717909]
[2, 8.990636]
[1, 9.263364]
[1, 9.672455]
[1, 10.081545]
[1, 10.490636]
[2, 10.899727]
[2, 11.172455]
[2, 11.240636]
[2, 11.308818]
[1, 11.445182]
[1, 11.990636]
[2, 12.127000]
[2, 12.399727]
[2, 12.672455]
[2, 12.740636]
[1, 12.808818]
[2, 13.081545]
[2, 13.354273]
[1, 13.627000]
[1, 14.036091]
[1, 14.445182]
[2, 14.717909]
[2, 14.922455]
[2, 15.127000]
[1, 15.263364]
[2, 15.536091]
[2, 15.604273]
[2, 15.672455]
[1, 15.808818]
[1, 16.354273]
[2, 16.490636]
[2, 16.763364]
[2, 17.036091]
[2, 17.104273]
[1, 17.172455]
[2, 17.445182]
[2, 17.717909]
[1, 17.990636]
[1, 18.399727]
[1, 18.808818]
[2, 19.081545]
[2, 19.286091]
[2, 19.490636]
[1, 19.627000]
[1, 19.763364]
[2, 19.899727]
[2, 19.967909]
[2, 20.036091]
[1, 20.172455]
[1, 20.308818]
[2, 20.445182]
[1, 20.581545]
[1, 20.717909]
[2, 20.854273]
[1, 20.990636]
[1, 21.127000]
[1, 21.263364]
[1, 21.399727]
[2, 21.536091]
[1, 21.672455]
[1, 21.808818]
[2, 21.945182]
[1, 22.081545]
[1, 22.217909]
[1, 22.354273]
[1, 22.490636]
[2, 22.627000]
[1, 22.763364]
[1, 22.899727]
[2, 23.036091]
[1, 23.172455]
[1, 23.308818]
[2, 23.445182]
[1, 23.581545]
[1, 23.649727]
[1, 23.717909]
[1, 23.854273]
[2, 23.990636]
[2, 24.127000]
[2, 24.195182]
[2, 24.263364]
[2, 24.399727]
[1, 24.536091]
[1, 25.081545]
[2, 25.354273]
[1, 25.627000]
[1, 25.763364]
[2, 25.831545]
[1, 25.899727]
[2, 26.172455]
[2, 26.240636]
[2, 26.308818]
[1, 26.445182]
[1, 26.513364]
[1, 26.581545]
[1, 27.263364]
[1, 27.331545]
[2, 27.536091]
[1, 27.808818]
[1, 27.945182]
[2, 28.013364]
[1, 28.081545]
[1, 28.217909]
[2, 28.354273]
[2, 28.445182]
[2, 28.536091]
[2, 28.627000]
[2, 28.717909]
[2, 28.808818]
[1, 28.899727]
[1, 29.445182]
[2, 29.717909]
[1, 29.990636]
[1, 30.127000]
[2, 30.195182]
[1, 30.263364]
[2, 30.536091]
[2, 30.604273]
[2, 30.672455]
[1, 30.808818]
[1, 30.877000]
[1, 30.945182]
[2, 31.081545]
[2, 31.490636]
[2, 31.899727]
[2, 32.308818]
[1, 32.717909]
[2, 32.854273]
[2, 32.922455]
[2, 32.990636]
[2, 33.127000]
[1, 33.263364]
[1, 33.808818]
[2, 34.081545]
[1, 34.354273]
[1, 34.490636]
[2, 34.558818]
[1, 34.627000]
[2, 34.899727]
[2, 34.967909]
[2, 35.036091]
[1, 35.172455]
[1, 35.240636]
[1, 35.308818]
[1, 35.990636]
[1, 36.058818]
[2, 36.263364]
[1, 36.536091]
[1, 36.672455]
[2, 36.740636]
[1, 36.808818]
[1, 36.945182]
[2, 37.081545]
[2, 37.172455]
[2, 37.263364]
[2, 37.354273]
[2, 37.445182]
[2, 37.536091]
[1, 37.627000]
[1, 38.172455]
[2, 38.445182]
[1, 38.717909]
[1, 38.854273]
[2, 38.922455]
[1, 38.990636]
[2, 39.263364]
[2, 39.331545]
[2, 39.399727]
[1, 39.536091]
[3, 40.899727]
[3, 41.172455]
[3, 41.990636]
[2, 42.195182]
[1, 42.263364]
[2, 42.399727]
[1, 42.536091]
[1, 42.672455]
[2, 42.740636]
[1, 42.808818]
[2, 42.945182]
[1, 43.081545]
[1, 43.149727]
[1, 43.217909]
[1, 43.286091]
[1, 43.354273]
[2, 43.490636]
[2, 43.558818]
[1, 43.627000]
[1, 43.695182]
[1, 43.763364]
[2, 43.899727]
[2, 44.036091]
[1, 44.172455]
[2, 44.377000]
[1, 44.445182]
[2, 44.581545]
[1, 44.717909]
[1, 44.854273]
[2, 44.922455]
[1, 44.990636]
[2, 45.127000]
[1, 45.263364]
[1, 45.331545]
[1, 45.399727]
[1, 45.467909]
[1, 45.536091]
[2, 45.672455]
[2, 45.740636]
[1, 45.808818]
[1, 45.877000]
[2, 46.081545]
[1, 46.354273]
[2, 46.558818]
[1, 46.627000]
[2, 46.763364]
[1, 46.899727]
[1, 47.036091]
[2, 47.104273]
[1, 47.172455]
[2, 47.308818]
[1, 47.445182]
[1, 47.513364]
[1, 47.581545]
[1, 47.649727]
[1, 47.717909]
[2, 47.854273]
[2, 47.922455]
[1, 47.990636]
[1, 48.058818]
[1, 48.127000]
[2, 48.263364]
[2, 48.399727]
[1, 48.536091]
[2, 48.740636]
[1, 48.808818]
[2, 48.945182]
[1, 49.081545]
[1, 49.217909]
[2, 49.286091]
[1, 49.354273]
[2, 49.490636]
[1, 49.627000]
[1, 49.831545]
[2, 49.899727]
[2, 50.036091]
[1, 50.172455]
[1, 50.308818]
[1, 50.377000]
[2, 50.445182]
[2, 50.581545]
[3, 50.717909]
[2, 50.922455]
[1, 50.990636]
[2, 51.127000]
[1, 51.263364]
[1, 51.399727]
[2, 51.467909]
[1, 51.536091]
[2, 51.672455]
[1, 51.808818]
[1, 51.877000]
[1, 51.945182]
[1, 52.013364]
[1, 52.081545]
[2, 52.217909]
[2, 52.286091]
[1, 52.354273]
[1, 52.422455]
[1, 52.490636]
[2, 52.627000]
[2, 52.763364]
[1, 52.899727]
[2, 53.104273]
[1, 53.172455]
[2, 53.308818]
[1, 53.445182]
[1, 53.581545]
[2, 53.649727]
[1, 53.717909]
[2, 53.854273]
[1, 53.990636]
[1, 54.058818]
[1, 54.127000]
[1, 54.195182]
[1, 54.263364]
[2, 54.399727]
[2, 54.467909]
[1, 54.536091]
[1, 54.604273]
[2, 54.808818]
[1, 55.081545]
[2, 55.286091]
[1, 55.354273]
[2, 55.490636]
[1, 55.627000]
[1, 55.695182]
[2, 55.831545]
[1, 55.899727]
[2, 56.036091]
[1, 56.172455]
[2, 56.377000]
[1, 56.445182]
[2, 56.581545]
[1, 56.717909]
[1, 56.786091]
[2, 56.922455]
[1, 56.990636]
[1, 57.058818]
[2, 57.127000]
[1, 57.263364]
[1, 57.399727]
[2, 57.467909]
[1, 57.536091]
[2, 57.672455]
[1, 57.808818]
[1, 57.877000]
[1, 57.945182]
[1, 58.013364]
[2, 58.081545]
[2, 58.149727]
[2, 58.217909]
[2, 58.286091]
[1, 59.445182]
[1, 63.808818]
[1, 68.172455]
[2, 68.445182]
[1, 68.581545]
[1, 68.717909]
[1, 68.854273]
[2, 68.990636]
[1, 69.127000]
[1, 69.263364]
[1, 69.399727]
[2, 69.536091]
[1, 69.672455]
[1, 69.808818]
[1, 69.945182]
[2, 70.081545]
[1, 70.217909]
[1, 70.354273]
[1, 70.490636]
[2, 70.627000]
[1, 70.763364]
[1, 70.899727]
[1, 71.036091]
[2, 71.172455]
[1, 71.308818]
[1, 71.445182]
[1, 71.581545]
[2, 71.717909]
[1, 71.854273]
[1, 71.990636]
[1, 72.127000]
[2, 72.263364]
[1, 72.399727]
[2, 72.536091]
[1, 72.672455]
[2, 72.808818]
[1, 72.945182]
[2, 73.081545]
[1, 73.217909]
[2, 73.354273]
[1, 73.490636]
[2, 73.627000]
[1, 73.763364]
[2, 73.899727]
[1, 74.036091]
[2, 74.172455]
[1, 74.308818]
[2, 74.445182]
[1, 74.581545]
[2, 74.717909]
[1, 74.854273]
[1, 74.922455]
[2, 74.990636]
[1, 75.127000]
[2, 75.263364]
[1, 75.399727]
[1, 75.467909]
[2, 75.536091]
[1, 75.672455]
[2, 76.627000]
[2, 76.763364]
[2, 76.899727]
[2, 77.445182]
[2, 77.990636]
[2, 78.536091]
[2, 78.808818]
[2, 79.081545]
[2, 79.354273]
[2, 79.490636]
[2, 79.763364]
[2, 80.036091]
[1, 80.717909]
[1, 80.990636]
[1, 81.263364]
[1, 81.331545]
[1, 81.399727]
[1, 81.536091]
[1, 81.672455]
[2, 81.808818]
[1, 82.081545]
[2, 82.217909]
[1, 82.354273]
[1, 82.422455]
[1, 82.490636]
[1, 82.627000]
[1, 82.763364]
[2, 82.899727]
[1, 83.172455]
[2, 83.308818]
[1, 83.445182]
[2, 83.717909]
[2, 83.854273]
[2, 84.127000]
[1, 85.354273]
[1, 85.490636]
[1, 85.627000]
[1, 85.695182]
[1, 85.763364]
[1, 85.899727]
[1, 86.036091]
[2, 86.172455]
[1, 86.445182]
[2, 86.581545]
[1, 86.717909]
[1, 86.786091]
[1, 86.854273]
[1, 86.990636]
[1, 87.127000]
[2, 87.263364]
[1, 87.536091]
[2, 87.672455]
[1, 87.808818]
[1, 88.081545]
[2, 88.217909]
[2, 88.490636]
[1, 89.717909]
[1, 89.854273]
[1, 89.990636]
[1, 90.058818]
[1, 90.127000]
[1, 90.263364]
[1, 90.399727]
[2, 90.536091]
[1, 90.672455]
[1, 90.740636]
[1, 90.808818]
[1, 90.945182]
[1, 91.081545]
[1, 91.149727]
[1, 91.217909]
[1, 91.354273]
[1, 91.490636]
[2, 91.627000]
[1, 91.763364]
[1, 91.831545]
[2, 91.899727]
[3, 92.172455]
[4, 92.445182]
[4, 92.581545]
[3, 92.854273]
[2, 94.081545]
[2, 94.149727]
[2, 94.217909]
[2, 94.286091]
[1, 94.354273]
[2, 94.490636]
[2, 94.558818]
[1, 94.627000]
[2, 94.763364]
[1, 94.899727]
[1, 94.967909]
[2, 95.036091]
[1, 95.172455]
[2, 95.308818]
[1, 95.445182]
[1, 95.513364]
[2, 95.581545]
[2, 95.649727]
[1, 95.717909]
[2, 95.854273]
[1, 95.990636]
[1, 96.058818]
[1, 96.127000]
[1, 96.195182]
[2, 96.263364]
[2, 96.399727]
[1, 96.536091]
[2, 96.672455]
[2, 96.740636]
[1, 96.808818]
[2, 96.945182]
[1, 97.081545]
[1, 97.149727]
[2, 97.217909]
[1, 97.354273]
[2, 97.490636]
[1, 97.627000]
[2, 97.695182]
[2, 97.763364]
[2, 97.831545]
[1, 97.899727]
[2, 98.036091]
[1, 98.172455]
[1, 98.240636]
[1, 98.308818]
[1, 98.377000]
[2, 98.445182]
[2, 98.513364]
[2, 98.581545]
[2, 98.649727]
[1, 98.717909]
[2, 98.854273]
[2, 98.922455]
[1, 98.990636]
[2, 99.127000]
[1, 99.263364]
[1, 99.331545]
[2, 99.399727]
[1, 99.536091]
[2, 99.672455]
[1, 99.808818]
[1, 99.877000]
[2, 99.945182]
[2, 100.013364]
[1, 100.081545]
[2, 100.217909]
[1, 100.354273]
[1, 100.422455]
[1, 100.490636]
[1, 100.558818]
[2, 100.627000]
[2, 100.763364]
[1, 100.899727]
[2, 101.036091]
[2, 101.104273]
[1, 101.172455]
[2, 101.308818]
[1, 101.445182]
[1, 101.513364]
[2, 101.581545]
[1, 101.717909]
[2, 101.854273]
[2, 101.990636]
[2, 102.058818]
[2, 102.127000]
[2, 102.195182]
[1, 102.263364]
[1, 102.331545]
[1, 102.399727]
[1, 102.467909]
[2, 102.536091]
[2, 102.740636]
[2, 102.808818]
[2, 102.945182]
[1, 103.081545]
[2, 103.217909]
[2, 103.286091]
[1, 103.354273]
[2, 103.490636]
[1, 103.627000]
[1, 103.695182]
[2, 103.763364]
[1, 103.899727]
[2, 104.036091]
[1, 104.172455]
[1, 104.240636]
[2, 104.308818]
[2, 104.377000]
[1, 104.445182]
[2, 104.581545]
[1, 104.717909]
[1, 104.786091]
[1, 104.854273]
[1, 104.922455]
[2, 104.990636]
[2, 105.127000]
[1, 105.263364]
[2, 105.399727]
[2, 105.467909]
[1, 105.536091]
[2, 105.672455]
[1, 105.808818]
[1, 105.877000]
[2, 105.945182]
[1, 106.081545]
[2, 106.217909]
[1, 106.354273]
[2, 106.422455]
[2, 106.490636]
[2, 106.558818]
[1, 106.627000]
[2, 106.763364]
[1, 106.899727]
[1, 106.967909]
[1, 107.036091]
[1, 107.104273]
[2, 107.172455]
[2, 107.240636]
[2, 107.308818]
[2, 107.377000]
[1, 107.445182]
[1, 107.581545]
[2, 107.649727]
[1, 107.717909]
[2, 107.854273]
[1, 107.990636]
[2, 108.058818]
[1, 108.127000]
[1, 108.263364]
[2, 108.399727]
[1, 108.536091]
[2, 108.604273]
[1, 108.672455]
[2, 108.740636]
[1, 108.808818]
[2, 108.945182]
[1, 109.081545]
[2, 109.149727]
[1, 109.217909]
[2, 109.286091]
[1, 109.354273]
[2, 109.422455]
[2, 109.490636]
[2, 109.558818]
[1, 109.627000]
[4, 109.899727]
[4, 110.036091]
[3, 110.308818]
[3, 111.808818]
[1, 112.354273]
[2, 112.627000]
[1, 112.899727]
[1, 113.036091]
[2, 113.104273]
[1, 113.172455]
[2, 113.445182]
[2, 113.513364]
[2, 113.581545]
[1, 113.717909]
[1, 113.786091]
[1, 113.854273]
[1, 114.536091]
[1, 114.604273]
[2, 114.808818]
[1, 115.081545]
[1, 115.217909]
[2, 115.286091]
[1, 115.354273]
[1, 115.490636]
[2, 115.627000]
[2, 115.717909]
[2, 115.808818]
[2, 115.899727]
[2, 115.990636]
[2, 116.081545]
[1, 116.172455]
[1, 116.717909]
[2, 116.990636]
[1, 117.263364]
[1, 117.399727]
[2, 117.467909]
[1, 117.536091]
[2, 117.808818]
[2, 117.877000]
[2, 117.945182]
[1, 118.081545]
[1, 118.149727]
[1, 118.217909]
[1, 118.899727]
[1, 118.967909]
[2, 119.172455]
[1, 119.445182]
[1, 119.581545]
[2, 119.649727]
[1, 119.717909]
[4, 119.990636]
[3, 120.536091]
[1, 121.081545]
[2, 121.217909]
[2, 121.490636]
[2, 121.763364]
[2, 121.831545]
[1, 121.899727]
[2, 122.172455]
[2, 122.445182]
[3, 122.717909]

course: 2
[1, 2.717909]
[2, 3.263364]
[2, 3.399727]
[2, 3.672455]
[2, 4.081545]
[2, 4.354273]
[2, 4.627000]
[1, 4.899727]
[1, 5.308818]
[1, 5.717909]
[1, 7.081545]
[2, 7.627000]
[2, 7.763364]
[2, 8.036091]
[2, 8.445182]
[2, 8.717909]
[2, 8.990636]
[1, 9.263364]
[1, 9.672455]
[1, 10.081545]
[1, 10.490636]
[2, 10.899727]
[2, 11.172455]
[1, 11.445182]
[2, 11.990636]
[2, 12.127000]
[2, 12.399727]
[2, 12.808818]
[2, 13.081545]
[2, 13.354273]
[1, 13.627000]
[1, 14.036091]
[1, 14.445182]
[1, 15.808818]
[2, 16.354273]
[2, 16.490636]
[2, 16.763364]
[2, 17.172455]
[2, 17.445182]
[2, 17.717909]
[1, 17.990636]
[1, 18.399727]
[1, 18.808818]
[1, 19.217909]
[2, 19.627000]
[2, 19.763364]
[1, 20.036091]
[1, 20.172455]
[2, 20.445182]
[2, 20.854273]
[1, 21.263364]
[2, 21.536091]
[2, 21.945182]
[1, 24.536091]
[1, 25.081545]
[2, 25.354273]
[1, 25.627000]
[2, 26.172455]
[1, 26.717909]
[1, 27.263364]
[2, 27.536091]
[1, 27.808818]
[2, 28.354273]
[2, 28.627000]
[1, 28.899727]
[1, 29.445182]
[2, 29.717909]
[1, 29.990636]
[2, 30.536091]
[1, 33.263364]
[1, 33.808818]
[2, 34.081545]
[1, 34.354273]
[2, 34.899727]
[1, 35.445182]
[1, 35.990636]
[2, 36.263364]
[1, 36.536091]
[2, 37.081545]
[2, 37.354273]
[1, 37.627000]
[1, 38.172455]
[2, 38.445182]
[1, 38.717909]
[2, 39.263364]
[1, 41.990636]
[1, 42.263364]
[1, 42.536091]
[2, 42.672455]
[1, 42.808818]
[2, 42.945182]
[1, 44.172455]
[1, 44.445182]
[1, 44.717909]
[1, 44.854273]
[2, 44.990636]
[2, 45.127000]
[1, 46.354273]
[1, 46.627000]
[1, 46.899727]
[2, 47.036091]
[1, 47.172455]
[2, 47.308818]
[1, 48.536091]
[1, 48.808818]
[1, 49.081545]
[1, 49.217909]
[2, 49.354273]
[2, 49.490636]
[1, 49.627000]
[1, 50.172455]
[4, 50.445182]
[1, 50.717909]
[1, 50.990636]
[1, 51.263364]
[2, 51.399727]
[1, 51.536091]
[2, 51.672455]
[1, 52.899727]
[1, 53.172455]
[1, 53.445182]
[1, 53.581545]
[2, 53.717909]
[2, 53.854273]
[1, 55.081545]
[1, 55.354273]
[1, 55.627000]
[2, 55.763364]
[1, 55.899727]
[2, 56.036091]
[1, 56.172455]
[1, 56.445182]
[1, 56.717909]
[1, 56.854273]
[2, 56.990636]
[2, 57.127000]
[1, 59.445182]
[1, 63.808818]
[1, 68.172455]
[1, 68.445182]
[1, 68.717909]
[1, 68.990636]
[1, 69.263364]
[1, 69.536091]
[1, 69.808818]
[1, 70.081545]
[1, 70.354273]
[1, 70.627000]
[1, 70.899727]
[1, 71.172455]
[1, 71.445182]
[1, 71.717909]
[1, 71.990636]
[1, 72.263364]
[1, 72.536091]
[1, 72.672455]
[1, 72.808818]
[1, 73.081545]
[1, 73.217909]
[1, 73.354273]
[1, 73.627000]
[1, 73.763364]
[1, 73.899727]
[1, 74.172455]
[1, 74.308818]
[1, 74.445182]
[1, 74.717909]
[1, 74.854273]
[1, 74.990636]
[1, 75.127000]
[1, 75.263364]
[1, 75.399727]
[1, 75.536091]
[1, 75.672455]
[2, 76.899727]
[2, 77.445182]
[2, 77.990636]
[2, 78.536091]
[2, 78.808818]
[2, 79.081545]
[2, 79.354273]
[2, 79.490636]
[2, 79.763364]
[2, 80.036091]
[1, 80.717909]
[1, 80.990636]
[1, 81.263364]
[1, 81.536091]
[2, 81.808818]
[1, 82.354273]
[1, 82.627000]
[2, 82.899727]
[1, 83.445182]
[1, 83.717909]
[2, 83.854273]
[2, 84.127000]
[1, 85.627000]
[1, 85.899727]
[1, 86.036091]
[2, 86.172455]
[1, 86.445182]
[1, 86.717909]
[1, 86.990636]
[1, 87.127000]
[2, 87.263364]
[1, 87.536091]
[1, 87.808818]
[1, 88.081545]
[2, 88.217909]
[2, 88.490636]
[1, 89.990636]
[1, 90.127000]
[1, 90.263364]
[1, 90.399727]
[1, 90.536091]
[1, 90.672455]
[1, 90.808818]
[1, 90.945182]
[1, 91.081545]
[1, 91.217909]
[1, 91.354273]
[1, 91.490636]
[1, 91.627000]
[1, 91.763364]
[2, 91.899727]
[3, 92.172455]
[3, 92.445182]
[4, 92.581545]
[4, 92.854273]
[1, 94.354273]
[1, 94.627000]
[1, 94.899727]
[2, 95.036091]
[1, 95.172455]
[2, 95.308818]
[1, 95.445182]
[2, 95.717909]
[2, 95.854273]
[1, 95.990636]
[2, 96.127000]
[2, 96.263364]
[1, 96.536091]
[1, 96.808818]
[1, 97.081545]
[2, 97.217909]
[1, 97.354273]
[2, 97.490636]
[1, 97.627000]
[2, 97.899727]
[2, 98.036091]
[1, 98.172455]
[2, 98.308818]
[1, 98.445182]
[1, 98.717909]
[1, 98.990636]
[1, 99.263364]
[2, 99.399727]
[1, 99.536091]
[2, 99.672455]
[1, 99.808818]
[2, 100.081545]
[2, 100.217909]
[1, 100.354273]
[2, 100.490636]
[2, 100.627000]
[1, 100.899727]
[1, 101.172455]
[1, 101.445182]
[2, 101.581545]
[1, 101.717909]
[2, 101.854273]
[1, 103.081545]
[1, 103.354273]
[1, 103.490636]
[1, 103.627000]
[2, 103.763364]
[1, 103.899727]
[2, 104.036091]
[1, 104.172455]
[2, 104.445182]
[2, 104.581545]
[1, 104.717909]
[2, 104.854273]
[2, 104.990636]
[1, 105.263364]
[1, 105.536091]
[1, 105.672455]
[1, 105.808818]
[2, 105.945182]
[1, 106.081545]
[2, 106.217909]
[1, 106.354273]
[2, 106.627000]
[2, 106.763364]
[1, 106.899727]
[2, 107.036091]
[1, 107.172455]
[1, 107.445182]
[1, 107.581545]
[2, 107.717909]
[1, 107.854273]
[1, 107.990636]
[2, 108.127000]
[1, 108.263364]
[1, 108.399727]
[2, 108.536091]
[1, 108.672455]
[2, 108.808818]
[1, 108.945182]
[2, 109.081545]
[1, 109.217909]
[2, 109.354273]
[3, 109.627000]
[3, 109.899727]
[4, 110.036091]
[4, 110.308818]
[1, 111.808818]
[1, 112.354273]
[2, 112.627000]
[1, 112.899727]
[2, 113.445182]
[1, 113.990636]
[1, 114.536091]
[2, 114.808818]
[1, 115.081545]
[2, 115.627000]
[2, 115.899727]
[1, 116.172455]
[1, 116.717909]
[2, 116.990636]
[1, 117.263364]
[2, 117.808818]
[1, 118.354273]
[1, 118.899727]
[2, 119.172455]
[1, 119.445182]
[4, 119.990636]
[3, 120.536091]
[2, 121.081545]
[2, 121.217909]
[2, 121.490636]
[2, 121.899727]
[2, 122.172455]
[2, 122.445182]
[3, 122.717909]

course: 1
[1, 2.717909]
[2, 4.354273]
[1, 4.899727]
[1, 5.308818]
[1, 5.717909]
[1, 7.081545]
[2, 8.717909]
[1, 9.263364]
[1, 9.672455]
[1, 10.081545]
[1, 10.490636]
[2, 10.899727]
[1, 11.445182]
[2, 11.990636]
[2, 13.081545]
[1, 13.627000]
[1, 14.036091]
[1, 14.445182]
[1, 15.808818]
[2, 16.354273]
[2, 17.445182]
[1, 17.990636]
[1, 18.399727]
[1, 18.808818]
[1, 19.217909]
[2, 19.627000]
[1, 20.172455]
[2, 20.445182]
[2, 20.854273]
[1, 21.263364]
[2, 21.536091]
[2, 21.945182]
[1, 24.536091]
[2, 25.354273]
[1, 25.627000]
[2, 26.172455]
[1, 26.717909]
[2, 27.536091]
[1, 27.808818]
[2, 28.354273]
[1, 28.899727]
[2, 29.717909]
[1, 29.990636]
[2, 30.536091]
[1, 33.263364]
[2, 34.081545]
[1, 34.354273]
[2, 34.899727]
[1, 35.445182]
[2, 36.263364]
[1, 36.536091]
[2, 37.081545]
[1, 37.627000]
[2, 38.445182]
[1, 38.717909]
[2, 39.263364]
[1, 41.990636]
[1, 42.263364]
[1, 42.536091]
[1, 42.672455]
[1, 42.808818]
[1, 44.172455]
[1, 44.445182]
[1, 44.717909]
[1, 44.854273]
[1, 44.990636]
[1, 46.354273]
[1, 46.627000]
[1, 46.899727]
[1, 47.036091]
[1, 47.172455]
[1, 48.536091]
[1, 48.808818]
[1, 49.081545]
[1, 49.217909]
[1, 49.354273]
[1, 49.627000]
[1, 50.172455]
[2, 50.445182]
[1, 50.717909]
[1, 50.990636]
[1, 51.263364]
[1, 51.399727]
[1, 51.536091]
[1, 52.899727]
[1, 53.172455]
[1, 53.445182]
[1, 53.581545]
[1, 53.717909]
[1, 55.081545]
[1, 55.354273]
[1, 55.627000]
[1, 55.763364]
[1, 55.899727]
[1, 56.172455]
[1, 56.445182]
[1, 56.717909]
[1, 56.854273]
[1, 56.990636]
[1, 59.445182]
[1, 63.808818]
[1, 68.172455]
[1, 68.445182]
[1, 68.717909]
[1, 69.263364]
[1, 69.536091]
[1, 69.808818]
[1, 70.354273]
[1, 70.627000]
[1, 70.899727]
[1, 71.445182]
[1, 71.717909]
[1, 71.990636]
[1, 72.536091]
[1, 72.808818]
[1, 73.081545]
[1, 73.354273]
[1, 73.627000]
[1, 73.899727]
[1, 74.172455]
[1, 74.445182]
[2, 76.899727]
[2, 77.990636]
[2, 79.081545]
[1, 81.263364]
[2, 81.808818]
[1, 82.354273]
[2, 82.899727]
[1, 83.445182]
[2, 83.717909]
[2, 83.854273]
[2, 84.127000]
[1, 85.627000]
[2, 86.172455]
[1, 86.717909]
[2, 87.263364]
[1, 87.808818]
[2, 88.081545]
[2, 88.217909]
[2, 88.490636]
[1, 89.990636]
[1, 90.263364]
[1, 90.536091]
[1, 90.808818]
[1, 91.081545]
[1, 91.354273]
[1, 91.627000]
[2, 91.899727]
[3, 92.172455]
[4, 92.445182]
[4, 92.581545]
[4, 92.854273]
[1, 94.354273]
[1, 94.627000]
[1, 94.899727]
[1, 95.036091]
[1, 95.172455]
[2, 95.445182]
[2, 95.717909]
[2, 95.854273]
[2, 95.990636]
[2, 96.263364]
[1, 96.536091]
[1, 96.808818]
[1, 97.081545]
[1, 97.217909]
[1, 97.354273]
[2, 97.627000]
[2, 97.763364]
[2, 97.899727]
[2, 98.172455]
[1, 98.717909]
[1, 98.990636]
[1, 99.263364]
[1, 99.399727]
[1, 99.536091]
[2, 99.808818]
[2, 100.081545]
[2, 100.217909]
[2, 100.354273]
[2, 100.627000]
[1, 100.899727]
[1, 101.172455]
[1, 101.445182]
[1, 101.581545]
[1, 101.717909]
[1, 103.081545]
[1, 103.354273]
[1, 103.627000]
[1, 103.763364]
[1, 103.899727]
[2, 104.172455]
[2, 104.445182]
[2, 104.581545]
[2, 104.717909]
[2, 104.990636]
[1, 105.263364]
[1, 105.536091]
[1, 105.808818]
[1, 105.945182]
[1, 106.081545]
[2, 106.354273]
[2, 106.490636]
[2, 106.627000]
[2, 106.899727]
[1, 107.445182]
[1, 107.581545]
[1, 107.717909]
[1, 107.990636]
[1, 108.127000]
[1, 108.263364]
[1, 108.536091]
[1, 108.672455]
[1, 108.808818]
[2, 109.081545]
[2, 109.217909]
[2, 109.354273]
[3, 109.627000]
[4, 109.899727]
[4, 110.036091]
[4, 110.308818]
[1, 111.808818]
[2, 112.627000]
[1, 112.899727]
[2, 113.445182]
[1, 113.990636]
[2, 114.808818]
[1, 115.081545]
[2, 115.627000]
[1, 116.172455]
[2, 116.990636]
[1, 117.263364]
[2, 117.808818]
[1, 118.354273]
[2, 119.172455]
[1, 119.445182]
[4, 119.990636]
[3, 120.536091]
[2, 121.899727]
[2, 122.172455]
[2, 122.445182]
[3, 122.717909]

course: 0
[1, 2.717909]
[1, 4.354273]
[1, 4.899727]
[1, 7.081545]
[1, 8.717909]
[1, 9.263364]
[2, 10.899727]
[1, 11.445182]
[1, 11.990636]
[1, 13.081545]
[1, 13.627000]
[1, 15.808818]
[1, 16.354273]
[1, 17.445182]
[1, 17.990636]
[2, 19.627000]
[1, 20.172455]
[1, 21.263364]
[1, 24.536091]
[1, 25.354273]
[1, 25.627000]
[2, 26.172455]
[1, 26.717909]
[1, 27.536091]
[1, 27.808818]
[2, 28.354273]
[1, 28.899727]
[1, 29.717909]
[1, 29.990636]
[2, 30.536091]
[1, 33.263364]
[1, 34.081545]
[1, 34.354273]
[2, 34.899727]
[1, 35.445182]
[1, 36.263364]
[1, 36.536091]
[2, 37.081545]
[1, 37.627000]
[1, 38.445182]
[1, 38.717909]
[2, 39.263364]
[1, 41.990636]
[1, 42.263364]
[1, 42.536091]
[1, 42.808818]
[1, 44.172455]
[1, 44.445182]
[1, 44.717909]
[1, 44.990636]
[1, 46.354273]
[1, 46.627000]
[1, 46.899727]
[1, 47.172455]
[1, 48.536091]
[1, 48.808818]
[1, 49.081545]
[1, 49.354273]
[1, 49.627000]
[1, 50.717909]
[1, 50.990636]
[1, 51.263364]
[1, 51.536091]
[1, 52.899727]
[1, 53.172455]
[1, 53.445182]
[1, 53.717909]
[1, 55.081545]
[1, 55.354273]
[1, 55.627000]
[1, 55.899727]
[1, 56.172455]
[1, 56.445182]
[1, 56.717909]
[1, 56.990636]
[1, 59.445182]
[1, 63.808818]
[1, 68.172455]
[1, 68.717909]
[1, 69.263364]
[1, 69.808818]
[1, 70.354273]
[1, 70.899727]
[1, 71.445182]
[1, 71.990636]
[1, 72.536091]
[1, 72.808818]
[1, 73.081545]
[1, 73.627000]
[1, 73.899727]
[1, 74.172455]
[2, 76.899727]
[2, 77.990636]
[2, 79.081545]
[1, 81.263364]
[1, 81.808818]
[1, 82.354273]
[1, 82.899727]
[1, 83.445182]
[1, 83.717909]
[1, 83.854273]
[1, 84.127000]
[1, 85.627000]
[1, 86.172455]
[1, 86.717909]
[1, 87.263364]
[1, 87.808818]
[1, 88.081545]
[1, 88.217909]
[1, 88.490636]
[1, 89.990636]
[1, 90.263364]
[1, 90.536091]
[1, 90.808818]
[1, 91.081545]
[1, 91.354273]
[1, 91.627000]
[3, 92.172455]
[3, 92.445182]
[3, 92.581545]
[3, 92.854273]
[1, 94.354273]
[1, 94.627000]
[1, 94.899727]
[1, 95.172455]
[1, 95.445182]
[1, 95.717909]
[1, 95.854273]
[1, 95.990636]
[1, 96.536091]
[1, 96.808818]
[1, 97.081545]
[1, 97.354273]
[1, 97.627000]
[1, 97.763364]
[1, 97.899727]
[1, 98.172455]
[1, 98.717909]
[1, 98.990636]
[1, 99.263364]
[1, 99.536091]
[1, 99.808818]
[1, 100.081545]
[1, 100.217909]
[1, 100.354273]
[1, 100.899727]
[1, 101.172455]
[1, 101.445182]
[1, 101.717909]
[2, 101.990636]
[1, 103.081545]
[1, 103.354273]
[1, 103.627000]
[1, 103.899727]
[1, 104.172455]
[1, 104.445182]
[1, 104.581545]
[1, 104.717909]
[1, 105.263364]
[1, 105.536091]
[1, 105.808818]
[1, 106.081545]
[1, 106.354273]
[1, 106.490636]
[1, 106.627000]
[1, 106.899727]
[1, 107.445182]
[1, 107.717909]
[1, 107.990636]
[1, 108.263364]
[1, 108.536091]
[1, 108.808818]
[1, 108.945182]
[1, 109.081545]
[3, 109.627000]
[3, 109.899727]
[3, 110.036091]
[3, 110.308818]
[1, 111.808818]
[1, 112.627000]
[1, 112.899727]
[2, 113.445182]
[1, 113.990636]
[1, 114.808818]
[1, 115.081545]
[2, 115.627000]
[1, 116.172455]
[1, 116.990636]
[1, 117.263364]
[2, 117.808818]
[1, 118.354273]
[1, 119.172455]
[1, 119.445182]
[4, 119.990636]
[3, 120.536091]
[1, 121.899727]
[1, 122.172455]
[1, 122.445182]
[3, 122.717909]
