course: 4
[1, 3.784000]
[1, 3.884000]
[2, 3.984000]
[1, 4.084000]
[1, 4.184000]
[2, 4.284000]
[1, 4.384000]
[1, 4.484000]
[2, 4.584000]
[1, 4.684000]
[2, 4.784000]
[1, 4.884000]
[2, 4.984000]
[1, 5.084000]
[1, 5.184000]
[1, 5.284000]
[2, 5.384000]
[1, 5.484000]
[1, 5.584000]
[2, 5.684000]
[1, 5.784000]
[1, 5.884000]
[1, 5.984000]
[2, 6.084000]
[3, 6.184000]
[2, 6.284000]
[1, 6.384000]
[2, 6.484000]
[2, 6.584000]
[2, 6.684000]
[1, 6.784000]
[1, 6.884000]
[2, 6.984000]
[1, 7.084000]
[1, 7.184000]
[4, 7.284000]
[1, 7.384000]
[1, 7.484000]
[4, 7.584000]
[1, 7.684000]
[2, 7.784000]
[1, 7.884000]
[2, 7.984000]
[1, 8.084000]
[2, 8.184000]
[2, 8.234000]
[1, 8.284000]
[2, 8.384000]
[2, 8.434000]
[1, 8.484000]
[1, 8.584000]
[4, 8.684000]
[1, 8.784000]
[4, 8.884000]
[1, 8.984000]
[4, 9.084000]
[1, 9.184000]
[4, 9.284000]
[1, 9.384000]
[4, 9.484000]
[1, 9.584000]
[4, 9.684000]
[1, 9.784000]
[1, 9.884000]
[2, 9.984000]
[1, 10.084000]
[1, 10.184000]
[2, 10.284000]
[3, 10.384000]
[2, 10.484000]
[1, 10.584000]
[1, 10.684000]
[2, 10.784000]
[1, 10.884000]
[1, 10.984000]
[1, 11.084000]
[2, 11.184000]
[1, 11.284000]
[1, 11.384000]
[2, 11.484000]
[3, 11.584000]
[2, 11.684000]
[1, 11.784000]
[2, 11.884000]
[1, 11.984000]
[2, 12.084000]
[1, 12.184000]
[1, 12.284000]
[2, 12.384000]
[1, 12.484000]
[1, 12.584000]
[1, 12.684000]
[4, 12.784000]
[1, 12.884000]
[2, 12.984000]
[1, 13.084000]
[2, 13.184000]
[1, 13.284000]
[4, 13.384000]
[3, 13.484000]
[4, 13.584000]
[3, 13.684000]
[4, 13.784000]
[3, 13.884000]
[4, 13.984000]
[3, 14.084000]
[4, 14.184000]
[3, 14.284000]
[1, 14.384000]
[1, 14.434000]
[1, 14.484000]
[1, 14.534000]
[1, 14.584000]
[2, 14.784000]
[2, 14.850667]
[2, 14.917333]
[1, 14.984000]
[2, 15.050667]
[2, 15.117333]
[3, 15.184000]
[2, 15.284000]
[1, 15.384000]
[2, 15.484000]
[1, 15.584000]
[2, 15.684000]
[1, 15.784000]
[1, 15.850667]
[1, 15.917333]
[2, 15.984000]
[2, 16.050667]
[2, 16.117333]
[1, 16.184000]
[2, 16.250667]
[2, 16.317333]
[3, 16.384000]
[2, 16.484000]
[1, 16.584000]
[2, 16.684000]
[1, 16.784000]
[2, 16.884000]
[1, 16.984000]
[2, 17.184000]
[1, 17.317333]
[1, 17.450667]
[2, 17.517333]
[3, 17.584000]
[2, 17.684000]
[1, 17.784000]
[2, 17.884000]
[1, 17.984000]
[2, 18.084000]
[1, 18.184000]
[1, 18.234000]
[1, 18.284000]
[1, 18.334000]
[1, 18.384000]
[1, 18.434000]
[1, 18.484000]
[2, 18.584000]
[2, 18.634000]
[2, 18.684000]
[1, 18.784000]
[1, 18.984000]
[1, 19.084000]
[2, 19.134000]
[1, 19.184000]
[1, 19.234000]
[1, 19.284000]
[4, 19.384000]
[1, 19.784000]
[2, 19.984000]
[2, 20.034000]
[1, 20.084000]
[2, 20.284000]
[1, 20.384000]
[2, 20.484000]
[1, 20.584000]
[2, 20.684000]
[1, 20.884000]
[1, 20.984000]
[1, 21.034000]
[2, 21.084000]
[2, 21.184000]
[2, 21.284000]
[1, 21.384000]
[2, 21.584000]
[2, 21.650667]
[2, 21.717333]
[2, 21.784000]
[2, 21.884000]
[1, 21.984000]
[1, 22.034000]
[1, 22.084000]
[1, 22.184000]
[2, 22.284000]
[2, 22.384000]
[2, 22.484000]
[2, 22.534000]
[1, 22.584000]
[2, 22.784000]
[2, 22.884000]
[1, 22.984000]
[2, 23.084000]
[1, 23.184000]
[1, 23.234000]
[2, 23.284000]
[2, 23.384000]
[1, 23.484000]
[2, 23.584000]
[1, 23.684000]
[1, 23.734000]
[2, 23.784000]
[1, 23.884000]
[1, 23.934000]
[1, 23.984000]
[1, 24.034000]
[1, 24.084000]
[2, 24.184000]
[2, 24.234000]
[1, 24.284000]
[1, 24.334000]
[1, 24.384000]
[2, 24.484000]
[2, 24.534000]
[2, 24.584000]
[2, 24.684000]
[1, 24.784000]
[1, 24.884000]
[1, 24.934000]
[2, 24.984000]
[2, 25.084000]
[1, 25.184000]
[2, 25.284000]
[1, 25.384000]
[1, 25.484000]
[2, 25.584000]
[2, 25.684000]
[2, 25.734000]
[1, 25.784000]
[2, 25.884000]
[1, 25.984000]
[1, 26.084000]
[2, 26.184000]
[2, 26.234000]
[1, 26.284000]
[1, 26.384000]
[1, 26.484000]
[2, 26.584000]
[1, 26.684000]
[1, 26.784000]
[1, 26.834000]
[1, 26.884000]
[2, 26.984000]
[2, 27.034000]
[1, 27.084000]
[1, 27.184000]
[2, 27.234000]
[2, 27.284000]
[2, 27.384000]
[2, 27.434000]
[1, 27.484000]
[1, 27.550667]
[1, 27.617333]
[1, 27.684000]
[3, 27.784000]
[1, 27.984000]
[1, 28.034000]
[2, 28.084000]
[2, 28.284000]
[1, 28.384000]
[1, 28.434000]
[1, 28.484000]
[1, 28.534000]
[1, 28.584000]
[1, 28.684000]
[2, 28.784000]
[2, 28.884000]
[1, 28.984000]
[1, 29.084000]
[2, 29.184000]
[2, 29.234000]
[1, 29.284000]
[2, 29.384000]
[2, 29.434000]
[2, 29.484000]
[1, 29.584000]
[4, 29.684000]
[1, 29.784000]
[4, 29.884000]
[1, 29.984000]
[4, 30.084000]
[1, 30.184000]
[4, 30.284000]
[1, 30.384000]
[1, 30.584000]
[1, 30.650667]
[1, 30.717333]
[2, 30.784000]
[2, 30.850667]
[2, 30.917333]
[1, 30.984000]
[2, 31.184000]
[1, 31.284000]
[1, 31.384000]
[4, 31.484000]
[1, 31.584000]
[4, 31.684000]
[1, 31.784000]
[1, 31.884000]
[1, 31.934000]
[1, 31.984000]
[1, 32.084000]
[2, 32.184000]
[2, 32.234000]
[1, 32.284000]
[1, 32.384000]
[3, 32.584000]
[1, 32.784000]
[2, 32.884000]
[1, 32.984000]
[2, 33.084000]
[3, 33.184000]
[2, 33.284000]
[2, 33.334000]
[1, 33.384000]
[2, 33.484000]
[2, 33.584000]
[2, 33.684000]
[3, 33.784000]
[1, 33.984000]
[1, 34.084000]
[2, 34.184000]
[2, 34.234000]
[2, 34.284000]
[2, 34.334000]
[1, 34.384000]
[1, 34.434000]
[2, 34.484000]
[2, 34.534000]
[1, 34.584000]
[1, 34.634000]
[2, 34.684000]
[2, 34.734000]
[1, 34.784000]
[2, 34.884000]
[3, 34.984000]
[2, 35.284000]
[2, 35.484000]
[3, 35.584000]
[2, 35.884000]
[1, 35.984000]
[2, 36.084000]
[3, 36.184000]
[2, 36.484000]
[1, 36.534000]
[2, 36.584000]
[2, 36.684000]
[3, 36.784000]
[2, 37.084000]
[2, 37.184000]
[2, 37.284000]
[3, 37.384000]
[1, 37.684000]
[2, 37.784000]
[2, 37.884000]
[3, 37.984000]
[1, 38.184000]
[2, 38.284000]
[3, 38.584000]
[2, 38.684000]
[1, 38.784000]
[2, 38.884000]
[2, 39.084000]
[3, 39.184000]
[3, 39.484000]
[1, 39.584000]
[1, 39.684000]
[4, 39.784000]
[2, 40.084000]
[1, 40.184000]
[1, 40.284000]
[4, 40.384000]
[1, 40.684000]
[2, 40.784000]
[1, 40.884000]
[4, 40.984000]
[4, 41.184000]
[4, 41.384000]
[4, 41.584000]
[1, 41.684000]
[4, 41.784000]
[1, 41.884000]
[4, 41.984000]
[3, 42.184000]
[1, 42.484000]
[2, 42.584000]
[2, 42.684000]
[3, 42.784000]
[4, 43.084000]
[1, 43.384000]
[1, 43.434000]
[1, 43.484000]
[1, 43.584000]
[2, 43.684000]
[1, 43.784000]
[2, 43.884000]
[1, 43.934000]
[1, 43.984000]
[1, 44.084000]
[2, 44.184000]
[1, 44.284000]
[1, 44.384000]
[2, 44.484000]
[1, 44.584000]
[1, 44.634000]
[1, 44.684000]
[1, 44.784000]
[2, 44.884000]
[1, 44.984000]
[2, 45.084000]
[1, 45.184000]
[1, 45.234000]
[1, 45.284000]
[1, 45.334000]
[1, 45.384000]
[1, 45.434000]
[2, 45.484000]
[2, 45.534000]
[1, 45.584000]
[1, 45.634000]
[2, 45.684000]
[3, 45.784000]
[4, 47.384000]
[1, 48.043341]
[2, 48.263121]
[2, 48.482901]
[1, 48.702681]
[2, 48.812571]
[2, 48.922462]
[2, 49.032352]
[1, 49.142242]
[1, 49.362022]
[2, 49.581802]
[2, 49.801582]
[1, 50.021363]
[2, 50.131253]
[2, 50.241143]
[2, 50.351033]
[1, 50.460923]
[2, 50.570813]
[1, 50.680703]
[2, 50.900484]
[2, 51.120264]
[1, 51.340044]
[2, 51.449934]
[2, 51.559824]
[2, 51.669714]
[1, 51.779604]
[1, 51.999385]
[2, 52.219165]
[2, 52.438945]
[1, 52.658725]
[2, 52.878505]
[2, 52.951766]
[2, 53.025026]
[1, 53.098286]
[1, 53.318066]
[2, 53.537846]
[2, 53.647736]
[2, 53.867516]
[1, 54.087297]
[1, 54.307077]
[2, 54.526857]
[1, 54.636747]
[2, 54.856527]
[1, 55.076308]
[2, 55.296088]
[2, 55.351033]
[2, 55.405978]
[2, 55.625758]
[1, 55.845538]
[1, 56.065319]
[1, 56.175209]
[2, 56.285099]
[1, 56.394989]
[1, 56.504879]
[2, 56.614769]
[1, 56.724659]
[1, 56.779604]
[1, 56.834549]
[2, 57.054330]
[2, 57.109275]
[2, 57.164220]
[2, 57.384000]
[1, 57.603780]
[1, 57.823560]
[2, 58.043341]
[1, 58.153231]
[2, 58.373011]
[1, 58.592791]
[2, 58.812571]
[2, 58.867516]
[1, 58.922462]
[2, 59.142242]
[2, 59.252132]
[2, 59.307077]
[1, 59.362022]
[1, 59.581802]
[1, 59.636747]
[2, 59.691692]
[1, 59.801582]
[1, 59.856527]
[2, 59.911473]
[2, 60.021363]
[1, 60.131253]
[1, 60.351033]
[1, 60.570813]
[2, 60.680703]
[1, 60.790593]
[1, 61.010374]
[2, 61.083634]
[2, 61.156894]
[1, 61.230154]
[1, 61.449934]
[1, 61.669714]
[1, 61.889495]
[2, 61.962755]
[2, 62.036015]
[1, 62.109275]
[2, 62.182535]
[2, 62.255795]
[1, 62.329055]
[1, 62.402315]
[2, 62.475575]
[1, 62.548835]
[1, 62.622095]
[2, 62.695355]
[1, 62.768615]
[1, 62.841875]
[2, 62.915136]
[1, 62.988396]
[1, 63.208176]
[2, 63.318066]
[1, 63.427956]
[1, 63.647736]
[2, 63.720996]
[2, 63.794256]
[1, 63.867516]
[1, 64.087297]
[1, 64.307077]
[1, 64.526857]
[2, 64.600117]
[1, 64.673377]
[2, 64.746637]
[1, 64.819897]
[2, 64.893158]
[1, 64.966418]
[2, 65.039678]
[2, 65.112938]
[1, 65.186198]
[2, 65.259458]
[2, 65.332718]
[1, 65.405978]
[2, 65.625758]
[2, 65.680703]
[1, 65.735648]
[1, 65.790593]
[2, 65.845538]
[2, 65.900484]
[1, 65.955429]
[1, 66.010374]
[2, 66.065319]
[2, 66.120264]
[1, 66.175209]
[1, 66.230154]
[2, 66.285099]
[2, 66.340044]
[1, 66.394989]
[1, 66.449934]
[2, 66.504879]
[1, 66.559824]
[2, 66.614769]
[1, 66.669714]
[2, 66.724659]
[1, 66.779604]
[2, 66.834549]
[1, 66.889495]
[2, 66.944440]
[1, 66.999385]
[2, 67.054330]
[1, 67.109275]
[2, 67.164220]
[1, 67.219165]
[2, 67.274110]
[1, 67.329055]
[2, 69.142242]
[1, 69.192242]
[1, 69.242242]
[2, 69.442242]
[1, 69.492242]
[1, 69.542242]
[2, 69.742242]
[1, 69.792242]
[1, 69.842242]
[1, 70.042242]
[1, 70.092242]
[2, 70.142242]
[1, 70.242242]
[2, 70.342242]
[1, 70.442242]
[1, 70.542242]
[1, 70.642242]
[1, 70.742242]
[2, 70.842242]
[1, 70.942242]
[1, 71.142242]
[2, 71.242242]
[1, 71.442242]
[2, 71.542242]
[2, 71.642242]
[2, 71.692242]
[1, 71.742242]
[2, 71.842242]
[2, 72.042242]
[1, 72.092242]
[1, 72.142242]
[2, 72.342242]
[1, 72.392242]
[1, 72.442242]
[2, 72.642242]
[1, 72.692242]
[1, 72.742242]
[1, 72.942242]
[1, 72.992242]
[2, 73.042242]
[1, 73.142242]
[2, 73.242242]
[1, 73.342242]
[1, 73.442242]
[1, 73.542242]
[1, 73.642242]
[1, 73.742242]
[2, 73.842242]
[1, 73.942242]
[1, 74.042242]
[2, 74.142242]
[1, 74.242242]
[1, 74.342242]
[1, 74.392242]
[2, 74.442242]
[1, 74.542242]
[1, 74.592242]
[1, 74.642242]
[1, 74.742242]
[2, 74.792242]
[2, 74.842242]
[2, 74.892242]
[1, 74.942242]
[1, 75.042242]
[1, 75.142242]
[1, 75.342242]
[1, 75.408908]
[1, 75.475575]
[2, 75.542242]
[2, 75.642242]
[1, 75.742242]
[1, 75.792242]
[2, 75.842242]
[2, 75.892242]
[1, 75.942242]
[2, 76.042242]
[1, 76.142242]
[1, 76.192242]
[1, 76.242242]
[1, 76.342242]
[2, 76.442242]
[1, 76.542242]
[2, 76.642242]
[1, 76.742242]
[1, 76.792242]
[1, 76.842242]
[1, 76.892242]
[2, 76.942242]
[2, 76.992242]
[1, 77.042242]
[1, 77.242242]
[1, 77.308908]
[1, 77.375575]
[2, 77.442242]
[2, 77.542242]
[2, 77.592242]
[1, 77.642242]
[1, 77.742242]
[2, 77.842242]
[2, 77.892242]
[2, 77.942242]
[3, 78.042242]
[2, 78.142242]
[1, 78.242242]
[2, 78.342242]
[1, 78.442242]
[2, 78.542242]
[1, 78.642242]
[3, 78.742242]
[2, 78.842242]
[1, 78.942242]
[1, 78.992242]
[2, 79.042242]
[2, 79.142242]
[1, 79.242242]
[2, 79.342242]
[3, 79.442242]
[1, 79.642242]
[1, 79.708908]
[1, 79.775575]
[2, 79.842242]
[2, 79.942242]
[1, 80.042242]
[1, 80.092242]
[2, 80.142242]
[2, 80.192242]
[1, 80.242242]
[2, 80.342242]
[1, 80.442242]
[1, 80.492242]
[1, 80.542242]
[1, 80.642242]
[2, 80.742242]
[1, 80.842242]
[2, 80.942242]
[1, 81.042242]
[1, 81.092242]
[1, 81.142242]
[1, 81.192242]
[2, 81.242242]
[2, 81.292242]
[1, 81.342242]
[1, 81.542242]
[1, 81.608908]
[1, 81.675575]
[2, 81.742242]
[2, 81.842242]
[2, 81.892242]
[1, 81.942242]
[1, 82.042242]
[2, 82.142242]
[2, 82.192242]
[2, 82.242242]
[3, 82.342242]
[2, 82.442242]
[1, 82.542242]
[2, 82.642242]
[1, 82.742242]
[2, 82.842242]
[1, 82.942242]
[2, 82.992242]
[1, 83.042242]
[2, 83.142242]
[1, 83.242242]
[1, 83.292242]
[2, 83.342242]
[2, 83.442242]
[1, 83.542242]
[2, 83.642242]
[3, 83.742242]
[1, 83.842242]
[1, 83.942242]
[2, 84.042242]
[2, 84.142242]
[1, 84.242242]
[1, 84.342242]
[1, 84.442242]
[2, 84.542242]
[2, 84.642242]
[2, 84.742242]
[2, 84.842242]
[2, 84.892242]
[1, 84.942242]
[2, 85.042242]
[1, 85.142242]
[2, 85.242242]
[2, 85.342242]
[2, 85.442242]
[1, 85.542242]
[2, 85.642242]
[2, 85.742242]
[1, 85.842242]
[1, 85.942242]
[2, 86.042242]
[2, 86.142242]
[1, 86.242242]
[1, 86.342242]
[1, 86.392242]
[2, 86.442242]
[1, 86.542242]
[1, 86.642242]
[2, 86.742242]
[3, 86.842242]
[1, 86.942242]
[2, 87.042242]
[2, 87.142242]
[1, 87.242242]
[1, 87.342242]
[1, 87.442242]
[1, 87.542242]
[2, 87.642242]
[2, 87.742242]
[2, 87.842242]
[2, 87.942242]
[2, 87.992242]
[1, 88.042242]
[1, 88.142242]
[1, 88.242242]
[2, 88.342242]
[1, 88.442242]
[2, 88.542242]
[2, 88.642242]
[2, 88.742242]
[1, 88.842242]
[2, 88.942242]
[2, 89.042242]
[1, 89.142242]
[2, 89.242242]
[1, 89.342242]
[1, 89.442242]
[1, 89.492242]
[2, 89.542242]
[2, 89.642242]
[1, 89.742242]
[2, 89.842242]
[3, 89.942242]
[1, 90.042242]
[1, 90.142242]
[2, 90.242242]
[2, 90.342242]
[1, 90.442242]
[1, 90.542242]
[1, 90.642242]
[2, 90.742242]
[2, 90.842242]
[2, 90.942242]
[2, 91.042242]
[2, 91.092242]
[1, 91.142242]
[2, 91.242242]
[1, 91.342242]
[2, 91.442242]
[2, 91.542242]
[2, 91.642242]
[1, 91.742242]
[2, 91.842242]
[2, 91.942242]
[1, 92.042242]
[1, 92.142242]
[2, 92.242242]
[2, 92.342242]
[1, 92.442242]
[1, 92.542242]
[1, 92.592242]
[2, 92.642242]
[1, 92.742242]
[1, 92.842242]
[2, 92.942242]
[1, 93.042242]
[3, 93.142242]
[1, 93.242242]
[2, 93.342242]
[2, 93.442242]
[1, 93.542242]
[1, 93.642242]
[1, 93.742242]
[1, 93.842242]
[2, 93.942242]
[2, 94.042242]
[2, 94.142242]
[2, 94.242242]
[2, 94.292242]
[1, 94.342242]
[1, 94.442242]
[1, 94.542242]
[2, 94.642242]
[1, 94.742242]
[2, 94.842242]
[2, 94.942242]
[2, 95.042242]
[1, 95.142242]
[2, 95.242242]
[2, 95.342242]
[1, 95.442242]
[2, 95.542242]
[1, 95.642242]
[1, 95.742242]
[1, 95.792242]
[2, 95.842242]
[2, 95.942242]
[1, 96.042242]
[1, 96.142242]
[1, 96.242242]
[4, 96.342242]
[2, 96.542242]
[1, 96.642242]
[1, 96.742242]
[2, 96.842242]
[1, 97.042242]
[2, 97.142242]
[2, 97.342242]
[1, 97.442242]
[1, 97.492242]
[1, 97.542242]
[1, 97.742242]
[2, 97.942242]
[1, 98.042242]
[2, 98.242242]
[1, 98.442242]
[1, 98.542242]
[2, 98.642242]
[4, 98.742242]
[2, 98.942242]
[1, 99.042242]
[1, 99.142242]
[2, 99.242242]
[1, 99.442242]
[2, 99.542242]
[2, 99.742242]
[1, 99.842242]
[1, 99.892242]
[1, 99.942242]
[1, 100.142242]
[2, 100.342242]
[1, 100.442242]
[2, 100.642242]
[1, 100.842242]
[2, 100.942242]
[1, 101.008908]
[1, 101.075575]
[2, 101.142242]
[1, 101.208908]
[1, 101.275575]
[2, 101.342242]
[4, 101.542242]
[2, 101.742242]
[2, 101.792242]
[1, 101.842242]
[1, 101.942242]
[2, 102.042242]
[1, 102.242242]
[1, 102.292242]
[2, 102.342242]
[1, 102.442242]
[2, 102.542242]
[2, 102.592242]
[1, 102.642242]
[1, 102.692242]
[1, 102.742242]
[1, 102.942242]
[2, 103.042242]
[1, 103.142242]
[2, 103.192242]
[1, 103.242242]
[2, 103.442242]
[1, 103.642242]
[1, 103.742242]
[1, 103.792242]
[1, 103.842242]
[4, 103.942242]
[2, 104.142242]
[2, 104.192242]
[1, 104.242242]
[1, 104.342242]
[2, 104.442242]
[1, 104.642242]
[1, 104.692242]
[2, 104.742242]
[1, 104.842242]
[2, 104.942242]
[2, 104.992242]
[1, 105.042242]
[1, 105.092242]
[1, 105.142242]
[1, 105.342242]
[2, 105.442242]
[1, 105.542242]
[2, 105.592242]
[1, 105.642242]
[2, 105.842242]
[1, 105.942242]
[1, 106.042242]
[1, 106.142242]
[2, 106.208908]
[2, 106.275575]
[1, 106.342242]
[2, 106.408908]
[2, 106.475575]
[1, 106.542242]
[2, 106.742242]
[3, 106.942242]
[1, 107.142242]
[1, 107.242242]
[1, 107.292242]
[1, 107.342242]
[1, 107.392242]
[2, 107.442242]
[1, 107.542242]
[2, 107.642242]
[1, 107.742242]
[1, 107.842242]
[2, 107.942242]
[1, 108.042242]
[1, 108.142242]
[1, 108.242242]
[1, 108.292242]
[1, 108.342242]
[1, 108.392242]
[1, 108.442242]
[2, 108.542242]
[1, 108.642242]
[2, 108.742242]
[1, 108.842242]
[1, 108.892242]
[1, 108.942242]
[1, 108.992242]
[2, 109.042242]
[1, 109.142242]
[2, 109.242242]
[1, 109.342242]
[1, 109.442242]
[2, 109.542242]
[1, 109.642242]
[1, 109.742242]
[1, 109.842242]
[2, 109.942242]
[1, 110.042242]
[1, 110.092242]
[1, 110.142242]
[1, 110.192242]
[1, 110.242242]
[2, 110.342242]
[1, 110.442242]
[2, 110.542242]
[1, 110.642242]
[2, 110.742242]
[2, 110.842242]
[1, 110.942242]
[1, 111.042242]
[1, 111.092242]
[1, 111.142242]
[1, 111.192242]
[2, 111.242242]
[1, 111.342242]
[2, 111.442242]
[1, 111.542242]
[2, 111.642242]
[3, 111.742242]
[3, 111.842242]
[3, 112.042242]
[3, 112.242242]
[4, 112.442242]
[1, 113.142242]
[2, 113.342242]
[1, 113.542242]
[1, 113.592242]
[1, 113.642242]
[1, 113.692242]
[2, 113.742242]
[1, 113.942242]
[1, 114.042242]
[2, 114.142242]
[1, 114.242242]
[1, 114.342242]
[1, 114.442242]
[1, 114.492242]
[2, 114.542242]
[2, 114.642242]
[2, 114.742242]
[2, 114.792242]
[1, 114.842242]
[2, 114.942242]
[2, 115.142242]
[1, 115.242242]
[2, 115.342242]
[2, 115.442242]
[2, 115.492242]
[1, 115.542242]
[1, 115.642242]
[2, 115.742242]
[1, 115.842242]
[1, 115.942242]
[1, 116.042242]
[1, 116.092242]
[2, 116.142242]
[2, 116.192242]
[2, 116.242242]
[2, 116.292242]
[1, 116.342242]
[1, 116.392242]
[1, 116.442242]
[2, 116.542242]
[1, 116.642242]
[1, 116.742242]
[1, 116.792242]
[1, 116.842242]
[2, 116.942242]
[1, 117.042242]
[1, 117.142242]
[1, 117.242242]
[2, 117.342242]
[1, 117.542242]
[1, 117.608908]
[1, 117.675575]
[2, 117.742242]
[1, 117.792242]
[1, 117.842242]
[4, 117.942242]
[1, 118.042242]
[2, 118.142242]
[1, 118.342242]
[1, 118.442242]
[2, 118.542242]
[1, 118.642242]
[1, 118.692242]
[1, 118.742242]
[1, 118.842242]
[2, 118.942242]
[2, 119.008908]
[2, 119.075575]
[1, 119.142242]
[1, 119.242242]
[1, 119.292242]
[2, 119.342242]
[1, 119.542242]
[1, 119.642242]
[2, 119.742242]
[2, 119.792242]
[1, 119.842242]
[2, 119.942242]
[2, 119.992242]
[1, 120.042242]
[2, 120.142242]
[1, 120.242242]
[1, 120.292242]
[1, 120.342242]
[1, 120.442242]
[2, 120.542242]
[1, 120.742242]
[1, 120.808908]
[1, 120.875575]
[2, 120.942242]
[1, 121.042242]
[1, 121.092242]
[1, 121.142242]
[1, 121.192242]
[1, 121.242242]
[1, 121.292242]
[2, 121.342242]
[1, 121.442242]
[1, 121.542242]
[1, 121.642242]
[2, 121.692242]
[1, 121.742242]
[1, 121.792242]
[1, 121.842242]
[2, 121.942242]
[1, 122.008908]
[1, 122.075575]
[1, 122.142242]
[1, 122.242242]
[2, 122.292242]
[1, 122.342242]
[1, 122.392242]
[1, 122.442242]
[2, 122.542242]
[1, 122.608908]
[1, 122.675575]
[1, 122.742242]
[1, 122.792242]
[1, 122.842242]
[2, 122.892242]
[1, 122.942242]
[1, 122.992242]
[1, 123.042242]
[2, 123.142242]
[1, 123.208908]
[1, 123.275575]
[1, 123.342242]
[1, 123.392242]
[1, 123.442242]
[2, 123.492242]
[1, 123.542242]
[1, 123.592242]
[1, 123.642242]
[2, 123.742242]
[1, 123.808908]
[1, 123.875575]
[1, 123.942242]
[1, 123.992242]
[1, 124.042242]
[2, 124.092242]
[1, 124.142242]
[1, 124.192242]
[1, 124.242242]
[1, 124.292242]
[2, 124.342242]
[2, 124.408908]
[2, 124.475575]
[1, 124.542242]
[1, 124.592242]
[1, 124.642242]
[2, 124.692242]
[1, 124.742242]
[1, 124.792242]
[1, 124.842242]
[1, 124.892242]
[2, 124.942242]
[2, 125.008908]
[2, 125.075575]
[1, 125.142242]
[1, 125.192242]
[1, 125.242242]
[2, 125.292242]
[1, 125.342242]
[1, 125.392242]
[1, 125.442242]
[2, 125.492242]
[1, 125.542242]
[1, 125.592242]
[2, 125.642242]
[1, 125.692242]
[1, 125.742242]
[1, 125.792242]
[2, 125.842242]
[2, 125.892242]
[1, 125.942242]
[1, 125.992242]
[1, 126.042242]
[1, 126.142242]
[1, 126.242242]
[2, 126.342242]
[1, 126.442242]
[2, 126.542242]
[1, 126.642242]
[1, 126.692242]
[2, 126.742242]
[1, 126.842242]
[1, 126.892242]
[2, 126.942242]
[1, 126.992242]
[1, 127.092242]
[2, 127.142242]
[1, 127.242242]
[2, 127.342242]
[2, 127.392242]
[1, 127.442242]
[2, 127.542242]
[1, 127.642242]
[1, 127.692242]
[2, 127.742242]
[1, 127.842242]
[1, 127.892242]
[2, 127.942242]
[1, 127.992242]
[1, 128.092242]
[2, 128.142242]
[1, 128.242242]
[2, 128.342242]
[1, 128.392242]
[1, 128.442242]
[2, 128.542242]
[2, 128.592242]
[1, 128.642242]
[1, 128.692242]
[2, 128.742242]
[2, 128.792242]
[1, 128.842242]
[1, 128.892242]
[1, 128.942242]
[1, 128.992242]
[1, 129.042242]
[1, 129.142242]
[1, 129.192242]
[1, 129.292242]
[2, 129.342242]
[1, 129.392242]
[1, 129.442242]
[1, 129.492242]
[2, 129.542242]
[1, 129.608908]
[2, 129.675575]
[1, 129.742242]
[2, 129.792242]
[1, 129.842242]
[2, 129.892242]
[1, 129.942242]
[2, 129.992242]
[1, 130.042242]
[2, 130.092242]
[1, 130.142242]
[2, 133.342242]
[1, 133.442242]
[1, 133.542242]
[2, 133.642242]
[1, 133.742242]
[2, 133.842242]
[1, 133.942242]
[1, 134.042242]
[2, 134.142242]
[1, 134.242242]
[2, 134.342242]
[1, 134.442242]
[2, 134.542242]
[1, 134.642242]
[1, 134.742242]
[2, 134.842242]
[1, 134.942242]
[2, 135.042242]
[1, 135.142242]
[1, 135.242242]
[2, 135.342242]
[1, 135.442242]
[2, 135.542242]
[1, 135.642242]
[2, 135.742242]
[1, 135.842242]
[1, 135.942242]
[2, 136.042242]
[1, 136.142242]
[2, 136.242242]
[1, 136.342242]
[1, 136.442242]
[2, 136.542242]
[1, 136.642242]
[2, 136.742242]
[1, 136.842242]
[2, 136.942242]
[1, 137.042242]
[1, 137.142242]
[2, 137.242242]
[1, 137.342242]
[2, 137.442242]
[1, 137.542242]
[1, 137.642242]
[2, 137.742242]
[1, 137.842242]
[2, 137.942242]
[1, 138.042242]
[2, 138.142242]
[1, 138.242242]
[1, 138.342242]
[2, 138.442242]
[1, 138.542242]
[2, 138.642242]
[1, 138.742242]
[1, 138.842242]
[2, 138.942242]
[1, 139.042242]
[2, 139.142242]
[1, 139.242242]
[2, 139.342242]
[1, 139.392242]
[2, 139.442242]
[1, 139.492242]
[2, 139.542242]
[1, 139.592242]
[2, 139.642242]

course: 3
[1, 3.784000]
[1, 3.984000]
[1, 4.084000]
[1, 4.184000]
[2, 4.284000]
[1, 4.384000]
[2, 4.584000]
[1, 4.684000]
[2, 4.784000]
[1, 4.884000]
[1, 4.984000]
[1, 5.184000]
[1, 5.284000]
[1, 5.384000]
[2, 5.484000]
[1, 5.584000]
[2, 5.784000]
[1, 5.884000]
[2, 5.984000]
[3, 6.184000]
[2, 6.384000]
[2, 6.484000]
[2, 6.584000]
[2, 6.684000]
[1, 6.784000]
[1, 6.984000]
[1, 7.084000]
[1, 7.184000]
[2, 7.284000]
[1, 7.384000]
[2, 7.584000]
[1, 7.684000]
[2, 7.784000]
[1, 7.884000]
[1, 7.984000]
[2, 8.184000]
[2, 8.384000]
[1, 8.584000]
[4, 8.684000]
[4, 8.884000]
[4, 9.084000]
[1, 9.184000]
[4, 9.284000]
[4, 9.484000]
[4, 9.684000]
[1, 9.784000]
[2, 9.984000]
[1, 10.084000]
[1, 10.184000]
[2, 10.284000]
[3, 10.384000]
[1, 10.584000]
[2, 10.784000]
[1, 10.984000]
[2, 11.184000]
[1, 11.284000]
[1, 11.384000]
[2, 11.484000]
[3, 11.584000]
[2, 11.684000]
[2, 11.884000]
[2, 12.084000]
[1, 12.184000]
[2, 12.384000]
[1, 12.484000]
[1, 12.584000]
[1, 12.684000]
[4, 12.784000]
[2, 12.984000]
[2, 13.184000]
[4, 13.384000]
[3, 13.484000]
[4, 13.584000]
[3, 13.684000]
[4, 13.784000]
[3, 13.884000]
[4, 13.984000]
[3, 14.084000]
[4, 14.184000]
[3, 14.284000]
[4, 14.384000]
[1, 14.584000]
[2, 14.784000]
[2, 14.850667]
[2, 14.917333]
[1, 14.984000]
[3, 15.184000]
[2, 15.584000]
[1, 15.784000]
[2, 15.984000]
[2, 16.050667]
[2, 16.117333]
[1, 16.184000]
[3, 16.384000]
[1, 16.784000]
[1, 16.984000]
[2, 17.184000]
[2, 17.384000]
[3, 17.584000]
[2, 17.984000]
[1, 18.184000]
[1, 18.384000]
[1, 18.434000]
[1, 18.484000]
[1, 18.584000]
[1, 18.784000]
[1, 18.984000]
[1, 19.084000]
[1, 19.184000]
[1, 19.284000]
[4, 19.384000]
[1, 19.784000]
[2, 20.084000]
[1, 20.384000]
[2, 20.684000]
[1, 20.984000]
[2, 21.184000]
[2, 21.284000]
[1, 21.384000]
[1, 21.584000]
[1, 21.684000]
[1, 21.784000]
[2, 21.984000]
[2, 22.384000]
[2, 22.584000]
[1, 22.784000]
[2, 22.984000]
[1, 23.184000]
[1, 23.284000]
[1, 23.384000]
[1, 23.484000]
[1, 23.584000]
[1, 23.684000]
[2, 23.784000]
[1, 23.884000]
[1, 23.984000]
[2, 24.184000]
[1, 24.384000]
[2, 24.584000]
[1, 24.784000]
[1, 24.884000]
[1, 24.984000]
[1, 25.084000]
[2, 25.184000]
[1, 25.384000]
[2, 25.584000]
[1, 25.784000]
[1, 25.984000]
[1, 26.084000]
[1, 26.184000]
[1, 26.384000]
[1, 26.484000]
[1, 26.684000]
[1, 26.784000]
[1, 26.984000]
[2, 27.184000]
[2, 27.284000]
[1, 27.384000]
[1, 27.484000]
[1, 27.584000]
[1, 27.784000]
[1, 27.984000]
[2, 28.084000]
[2, 28.284000]
[1, 28.384000]
[1, 28.484000]
[1, 28.584000]
[1, 28.684000]
[2, 28.784000]
[1, 28.984000]
[1, 29.084000]
[2, 29.184000]
[1, 29.284000]
[2, 29.384000]
[1, 29.584000]
[4, 29.684000]
[4, 29.884000]
[4, 30.084000]
[4, 30.284000]
[1, 30.484000]
[1, 30.584000]
[2, 30.784000]
[1, 30.984000]
[2, 31.184000]
[1, 31.284000]
[1, 31.384000]
[4, 31.484000]
[4, 31.684000]
[1, 31.884000]
[1, 31.934000]
[1, 31.984000]
[1, 32.084000]
[2, 32.184000]
[1, 32.284000]
[1, 32.384000]
[3, 32.584000]
[1, 32.784000]
[2, 32.884000]
[1, 32.984000]
[3, 33.184000]
[1, 33.384000]
[2, 33.484000]
[2, 33.584000]
[3, 33.784000]
[1, 33.984000]
[1, 34.084000]
[2, 34.184000]
[2, 34.284000]
[1, 34.384000]
[2, 34.484000]
[1, 34.584000]
[2, 34.684000]
[1, 34.784000]
[2, 34.884000]
[3, 34.984000]
[2, 35.284000]
[2, 35.484000]
[3, 35.584000]
[2, 35.884000]
[3, 36.184000]
[2, 36.484000]
[2, 36.684000]
[3, 36.784000]
[2, 37.084000]
[3, 37.384000]
[2, 37.684000]
[2, 37.784000]
[2, 37.884000]
[3, 37.984000]
[2, 38.284000]
[3, 38.584000]
[2, 38.684000]
[2, 38.784000]
[2, 38.884000]
[2, 39.084000]
[3, 39.184000]
[3, 39.484000]
[4, 39.784000]
[1, 40.184000]
[1, 40.284000]
[4, 40.384000]
[1, 40.784000]
[1, 40.884000]
[4, 40.984000]
[4, 41.184000]
[4, 41.384000]
[4, 41.584000]
[3, 41.784000]
[4, 41.984000]
[3, 42.184000]
[2, 42.584000]
[2, 42.684000]
[3, 42.784000]
[4, 43.084000]
[1, 43.384000]
[1, 43.434000]
[1, 43.484000]
[1, 43.584000]
[1, 43.684000]
[2, 43.884000]
[1, 43.984000]
[1, 44.034000]
[1, 44.084000]
[1, 44.184000]
[1, 44.284000]
[2, 44.484000]
[1, 44.584000]
[1, 44.634000]
[1, 44.684000]
[1, 44.784000]
[1, 44.884000]
[2, 45.084000]
[1, 45.184000]
[1, 45.234000]
[1, 45.284000]
[1, 45.384000]
[2, 45.484000]
[2, 45.584000]
[2, 45.684000]
[3, 45.784000]
[4, 47.534000]
[1, 48.184000]
[1, 48.403780]
[1, 48.513670]
[2, 48.623560]
[1, 48.843341]
[1, 49.063121]
[1, 49.173011]
[2, 49.282901]
[1, 49.502681]
[1, 49.722462]
[1, 49.832352]
[2, 49.942242]
[1, 50.162022]
[2, 50.381802]
[2, 50.491692]
[1, 50.601582]
[1, 50.821363]
[1, 51.041143]
[1, 51.151033]
[2, 51.260923]
[1, 51.480703]
[1, 51.700484]
[1, 51.810374]
[2, 51.920264]
[1, 52.140044]
[1, 52.359824]
[1, 52.469714]
[2, 52.579604]
[2, 52.799385]
[1, 52.909275]
[1, 53.129055]
[2, 53.238945]
[1, 53.458725]
[2, 53.678505]
[1, 53.788396]
[2, 54.008176]
[1, 54.227956]
[1, 54.447736]
[2, 54.667516]
[1, 54.777407]
[2, 54.997187]
[1, 55.216967]
[1, 55.436747]
[2, 55.546637]
[2, 55.766418]
[1, 55.986198]
[1, 56.205978]
[2, 56.425758]
[1, 56.535648]
[2, 56.755429]
[1, 56.975209]
[2, 57.194989]
[1, 57.304879]
[2, 57.524659]
[1, 57.744440]
[1, 57.964220]
[2, 58.184000]
[1, 58.293890]
[2, 58.513670]
[1, 58.733451]
[1, 58.953231]
[2, 59.063121]
[2, 59.282901]
[1, 60.491692]
[2, 60.711473]
[2, 60.931253]
[1, 61.151033]
[2, 61.224293]
[2, 61.297553]
[2, 61.370813]
[2, 61.590593]
[1, 61.810374]
[2, 62.030154]
[2, 62.103414]
[2, 62.176674]
[1, 62.249934]
[1, 62.323194]
[1, 62.396454]
[2, 62.469714]
[2, 62.542974]
[2, 62.616234]
[1, 62.689495]
[1, 62.762755]
[1, 62.836015]
[2, 62.909275]
[1, 62.982535]
[2, 63.055795]
[1, 63.129055]
[2, 63.348835]
[2, 63.568615]
[1, 63.788396]
[2, 63.861656]
[2, 63.934916]
[2, 64.008176]
[2, 64.227956]
[1, 64.447736]
[1, 64.667516]
[1, 64.740777]
[1, 64.814037]
[2, 64.887297]
[2, 64.960557]
[2, 65.033817]
[1, 65.107077]
[1, 65.180337]
[1, 65.253597]
[2, 65.326857]
[1, 65.400117]
[2, 65.473377]
[1, 65.546637]
[2, 69.282953]
[1, 69.382953]
[2, 69.582953]
[1, 69.682953]
[2, 69.882953]
[1, 69.982953]
[1, 70.182953]
[1, 70.232953]
[2, 70.282953]
[1, 70.382953]
[1, 70.482953]
[2, 70.682953]
[1, 70.782953]
[1, 70.982953]
[1, 71.082953]
[1, 71.282953]
[2, 71.382953]
[1, 71.582953]
[2, 71.682953]
[1, 71.782953]
[1, 71.882953]
[2, 72.082953]
[1, 72.182953]
[2, 72.382953]
[1, 72.482953]
[2, 72.682953]
[1, 72.782953]
[1, 72.982953]
[1, 73.032953]
[2, 73.082953]
[1, 73.182953]
[1, 73.282953]
[2, 73.482953]
[1, 73.582953]
[1, 73.782953]
[2, 73.882953]
[2, 73.982953]
[1, 74.082953]
[2, 74.182953]
[1, 74.382953]
[1, 74.432953]
[1, 74.482953]
[1, 74.582953]
[1, 74.682953]
[1, 74.782953]
[2, 74.882953]
[1, 74.982953]
[1, 75.182953]
[1, 75.382953]
[2, 75.582953]
[2, 75.682953]
[1, 75.782953]
[2, 75.982953]
[2, 76.082953]
[1, 76.182953]
[1, 76.282953]
[2, 76.482953]
[2, 76.682953]
[1, 76.782953]
[1, 76.882953]
[2, 76.982953]
[1, 77.082953]
[1, 77.282953]
[2, 77.482953]
[2, 77.582953]
[1, 77.682953]
[2, 77.882953]
[2, 77.982953]
[3, 78.082953]
[2, 78.182953]
[1, 78.282953]
[2, 78.382953]
[1, 78.482953]
[2, 78.582953]
[1, 78.682953]
[3, 78.782953]
[2, 78.882953]
[1, 78.982953]
[2, 79.082953]
[2, 79.182953]
[1, 79.282953]
[2, 79.382953]
[3, 79.482953]
[1, 79.682953]
[2, 79.882953]
[2, 79.982953]
[1, 80.082953]
[2, 80.282953]
[2, 80.382953]
[1, 80.482953]
[1, 80.582953]
[2, 80.782953]
[2, 80.982953]
[1, 81.082953]
[1, 81.182953]
[2, 81.282953]
[1, 81.382953]
[1, 81.582953]
[2, 81.782953]
[2, 81.882953]
[1, 81.982953]
[2, 82.182953]
[2, 82.282953]
[3, 82.382953]
[2, 82.482953]
[1, 82.582953]
[2, 82.682953]
[1, 82.782953]
[2, 82.882953]
[1, 82.982953]
[3, 83.082953]
[2, 83.182953]
[1, 83.282953]
[2, 83.382953]
[2, 83.482953]
[1, 83.582953]
[2, 83.682953]
[3, 83.782953]
[1, 83.982953]
[2, 84.082953]
[2, 84.182953]
[1, 84.282953]
[1, 84.382953]
[2, 84.582953]
[2, 84.682953]
[2, 84.782953]
[2, 84.882953]
[1, 84.982953]
[1, 85.182953]
[2, 85.282953]
[2, 85.382953]
[2, 85.482953]
[1, 85.582953]
[2, 85.782953]
[1, 85.882953]
[1, 85.982953]
[2, 86.082953]
[2, 86.182953]
[1, 86.282953]
[1, 86.382953]
[2, 86.482953]
[1, 86.582953]
[1, 86.682953]
[3, 86.882953]
[2, 87.082953]
[2, 87.182953]
[1, 87.282953]
[1, 87.382953]
[1, 87.482953]
[2, 87.682953]
[2, 87.782953]
[2, 87.882953]
[2, 87.982953]
[1, 88.082953]
[1, 88.182953]
[1, 88.282953]
[1, 88.482953]
[2, 88.582953]
[2, 88.682953]
[2, 88.782953]
[1, 88.882953]
[2, 89.082953]
[1, 89.182953]
[2, 89.282953]
[1, 89.382953]
[1, 89.482953]
[2, 89.582953]
[2, 89.682953]
[1, 89.782953]
[3, 89.982953]
[1, 90.182953]
[2, 90.282953]
[2, 90.382953]
[1, 90.482953]
[1, 90.582953]
[1, 90.682953]
[2, 90.782953]
[2, 90.882953]
[2, 90.982953]
[2, 91.082953]
[1, 91.182953]
[2, 91.282953]
[1, 91.382953]
[2, 91.582953]
[2, 91.682953]
[1, 91.782953]
[2, 91.882953]
[2, 91.982953]
[1, 92.082953]
[1, 92.182953]
[2, 92.282953]
[2, 92.382953]
[1, 92.482953]
[1, 92.582953]
[2, 92.682953]
[1, 92.782953]
[1, 92.882953]
[2, 92.982953]
[3, 93.182953]
[2, 93.382953]
[2, 93.482953]
[1, 93.582953]
[1, 93.682953]
[1, 93.782953]
[1, 93.882953]
[2, 93.982953]
[2, 94.082953]
[2, 94.182953]
[2, 94.282953]
[1, 94.382953]
[1, 94.482953]
[1, 94.582953]
[2, 94.682953]
[1, 94.782953]
[2, 94.882953]
[2, 94.982953]
[2, 95.082953]
[1, 95.182953]
[2, 95.282953]
[2, 95.382953]
[1, 95.482953]
[2, 95.582953]
[1, 95.682953]
[1, 95.782953]
[2, 95.882953]
[2, 95.982953]
[1, 96.082953]
[1, 96.182953]
[4, 96.382953]
[2, 96.582953]
[1, 96.682953]
[2, 96.882953]
[1, 97.082953]
[2, 97.182953]
[2, 97.382953]
[1, 97.582953]
[1, 97.782953]
[2, 97.982953]
[1, 98.082953]
[2, 98.282953]
[1, 98.482953]
[1, 98.582953]
[4, 98.782953]
[2, 98.982953]
[1, 99.082953]
[2, 99.282953]
[1, 99.482953]
[2, 99.582953]
[2, 99.782953]
[1, 99.982953]
[1, 100.182953]
[2, 100.382953]
[1, 100.482953]
[2, 100.682953]
[1, 100.882953]
[1, 100.982953]
[1, 101.182953]
[1, 101.249619]
[1, 101.316286]
[1, 101.382953]
[4, 101.582953]
[2, 101.782953]
[1, 101.882953]
[2, 102.082953]
[1, 102.282953]
[2, 102.382953]
[2, 102.582953]
[1, 102.782953]
[1, 102.982953]
[2, 103.182953]
[1, 103.282953]
[2, 103.482953]
[1, 103.682953]
[1, 103.782953]
[4, 103.982953]
[2, 104.182953]
[1, 104.282953]
[2, 104.482953]
[1, 104.682953]
[2, 104.782953]
[1, 104.882953]
[2, 104.982953]
[1, 105.082953]
[1, 105.182953]
[1, 105.382953]
[2, 105.582953]
[1, 105.682953]
[2, 105.882953]
[1, 106.082953]
[1, 106.182953]
[1, 106.382953]
[1, 106.449619]
[1, 106.516286]
[1, 106.582953]
[2, 106.782953]
[3, 106.982953]
[1, 107.182953]
[1, 107.282953]
[1, 107.382953]
[2, 107.482953]
[2, 107.682953]
[1, 107.782953]
[1, 107.882953]
[2, 107.982953]
[1, 108.082953]
[1, 108.182953]
[1, 108.382953]
[1, 108.482953]
[2, 108.582953]
[1, 108.682953]
[2, 108.782953]
[1, 108.882953]
[1, 108.982953]
[2, 109.082953]
[1, 109.182953]
[2, 109.282953]
[1, 109.382953]
[1, 109.482953]
[2, 109.582953]
[1, 109.682953]
[1, 109.782953]
[1, 109.882953]
[2, 109.982953]
[1, 110.082953]
[3, 110.182953]
[2, 110.382953]
[1, 110.482953]
[2, 110.582953]
[2, 110.782953]
[2, 110.882953]
[1, 110.982953]
[1, 111.082953]
[2, 111.182953]
[2, 111.282953]
[1, 111.382953]
[2, 111.482953]
[1, 111.582953]
[2, 111.682953]
[3, 111.782953]
[3, 111.882953]
[3, 112.082953]
[3, 112.282953]
[4, 112.482953]
[1, 113.182953]
[2, 113.382953]
[1, 113.582953]
[1, 113.682953]
[2, 113.782953]
[1, 113.982953]
[1, 114.082953]
[2, 114.182953]
[1, 114.282953]
[1, 114.382953]
[1, 114.482953]
[1, 114.532953]
[2, 114.582953]
[1, 114.682953]
[1, 114.782953]
[1, 114.882953]
[2, 114.982953]
[2, 115.182953]
[1, 115.282953]
[2, 115.382953]
[1, 115.582953]
[1, 115.682953]
[2, 115.782953]
[1, 115.882953]
[1, 115.982953]
[1, 116.082953]
[1, 116.132953]
[2, 116.182953]
[1, 116.382953]
[1, 116.482953]
[2, 116.582953]
[1, 116.782953]
[2, 116.982953]
[1, 117.082953]
[1, 117.182953]
[1, 117.282953]
[2, 117.382953]
[1, 117.582953]
[1, 117.649619]
[1, 117.716286]
[2, 117.782953]
[1, 117.882953]
[4, 117.982953]
[2, 118.182953]
[1, 118.382953]
[1, 118.482953]
[2, 118.582953]
[1, 118.682953]
[1, 118.782953]
[2, 118.982953]
[2, 119.049619]
[2, 119.116286]
[1, 119.182953]
[1, 119.282953]
[2, 119.382953]
[1, 119.582953]
[1, 119.682953]
[2, 119.782953]
[1, 119.882953]
[2, 119.982953]
[1, 120.082953]
[2, 120.182953]
[1, 120.382953]
[1, 120.482953]
[2, 120.582953]
[1, 120.782953]
[1, 120.849619]
[1, 120.916286]
[2, 120.982953]
[1, 121.082953]
[1, 121.132953]
[1, 121.182953]
[1, 121.282953]
[2, 121.382953]
[1, 121.582953]
[1, 121.632953]
[1, 121.682953]
[1, 121.782953]
[2, 121.982953]
[1, 122.182953]
[1, 122.232953]
[1, 122.282953]
[1, 122.382953]
[2, 122.582953]
[1, 122.782953]
[1, 122.832953]
[1, 122.882953]
[1, 122.982953]
[1, 123.082953]
[2, 123.182953]
[1, 123.382953]
[1, 123.432953]
[1, 123.482953]
[1, 123.582953]
[1, 123.682953]
[2, 123.782953]
[1, 123.982953]
[1, 124.032953]
[1, 124.082953]
[1, 124.182953]
[1, 124.282953]
[2, 124.382953]
[1, 124.449619]
[1, 124.516286]
[1, 124.582953]
[1, 124.632953]
[1, 124.682953]
[1, 124.782953]
[1, 124.882953]
[2, 124.982953]
[1, 125.049619]
[1, 125.116286]
[1, 125.182953]
[1, 125.232953]
[1, 125.282953]
[1, 125.382953]
[1, 125.482953]
[1, 125.582953]
[1, 125.632953]
[1, 125.682953]
[1, 125.782953]
[2, 125.882953]
[2, 125.932953]
[1, 125.982953]
[1, 126.082953]
[1, 126.182953]
[2, 126.382953]
[1, 126.482953]
[2, 126.582953]
[1, 126.682953]
[2, 126.782953]
[1, 126.882953]
[1, 126.932953]
[2, 126.982953]
[1, 127.082953]
[1, 127.182953]
[2, 127.382953]
[1, 127.482953]
[2, 127.582953]
[1, 127.682953]
[2, 127.782953]
[1, 127.882953]
[1, 127.932953]
[2, 127.982953]
[1, 128.082953]
[2, 128.182953]
[1, 128.282953]
[2, 128.382953]
[1, 128.482953]
[2, 128.582953]
[1, 128.682953]
[1, 128.732953]
[2, 128.782953]
[1, 128.882953]
[1, 128.932953]
[2, 128.982953]
[1, 129.082953]
[1, 129.182953]
[1, 129.382953]
[1, 129.432953]
[1, 129.482953]
[2, 129.582953]
[2, 129.649619]
[2, 129.716286]
[1, 129.782953]
[1, 129.882953]
[1, 129.982953]
[2, 130.032953]
[1, 130.082953]
[2, 130.132953]
[1, 130.182953]
[2, 133.382953]
[1, 133.482953]
[1, 133.582953]
[2, 133.682953]
[1, 133.782953]
[2, 133.882953]
[1, 133.982953]
[1, 134.082953]
[2, 134.182953]
[1, 134.282953]
[2, 134.382953]
[1, 134.482953]
[2, 134.582953]
[1, 134.682953]
[1, 134.782953]
[2, 134.882953]
[1, 134.982953]
[2, 135.082953]
[1, 135.182953]
[1, 135.282953]
[2, 135.382953]
[1, 135.482953]
[2, 135.582953]
[1, 135.682953]
[2, 135.782953]
[1, 135.882953]
[1, 135.982953]
[2, 136.082953]
[1, 136.182953]
[2, 136.282953]
[1, 136.382953]
[1, 136.482953]
[2, 136.582953]
[1, 136.682953]
[2, 136.782953]
[1, 136.882953]
[2, 136.982953]
[1, 137.082953]
[1, 137.182953]
[2, 137.282953]
[1, 137.382953]
[2, 137.482953]
[1, 137.582953]
[1, 137.682953]
[2, 137.782953]
[1, 137.882953]
[2, 137.982953]
[1, 138.082953]
[2, 138.182953]
[1, 138.282953]
[1, 138.382953]
[2, 138.482953]
[1, 138.582953]
[2, 138.682953]
[1, 138.782953]
[1, 138.882953]
[2, 138.982953]
[1, 139.082953]
[2, 139.182953]
[1, 139.282953]
[2, 139.382953]
[1, 139.432953]
[2, 139.482953]
[1, 139.532953]
[2, 139.582953]
[1, 139.632953]
[2, 139.682953]

course: 2
[1, 3.784000]
[1, 4.184000]
[1, 4.384000]
[2, 4.584000]
[2, 4.784000]
[1, 4.984000]
[1, 5.384000]
[1, 5.584000]
[2, 5.784000]
[2, 5.984000]
[3, 6.184000]
[1, 6.784000]
[1, 7.184000]
[1, 7.384000]
[2, 7.584000]
[2, 7.784000]
[1, 7.984000]
[1, 8.184000]
[1, 8.384000]
[1, 9.784000]
[1, 9.984000]
[1, 10.184000]
[3, 10.384000]
[1, 10.984000]
[1, 11.184000]
[1, 11.384000]
[3, 11.584000]
[1, 12.184000]
[1, 12.384000]
[1, 12.584000]
[3, 12.784000]
[4, 13.384000]
[4, 13.584000]
[4, 13.784000]
[4, 13.984000]
[1, 14.584000]
[1, 14.784000]
[1, 14.884000]
[1, 14.984000]
[3, 15.184000]
[1, 15.784000]
[1, 15.984000]
[1, 16.084000]
[1, 16.184000]
[3, 16.384000]
[1, 16.984000]
[1, 17.184000]
[1, 17.284000]
[1, 17.384000]
[3, 17.584000]
[1, 18.184000]
[1, 18.384000]
[1, 18.484000]
[1, 18.584000]
[1, 18.784000]
[1, 18.984000]
[1, 19.084000]
[1, 19.184000]
[4, 19.384000]
[1, 19.784000]
[2, 20.084000]
[1, 20.384000]
[2, 20.684000]
[1, 20.984000]
[1, 21.384000]
[1, 21.584000]
[1, 21.684000]
[1, 21.784000]
[2, 21.984000]
[2, 22.384000]
[1, 22.584000]
[1, 22.784000]
[2, 22.984000]
[2, 23.184000]
[1, 23.384000]
[1, 23.484000]
[1, 23.584000]
[1, 23.784000]
[1, 23.984000]
[2, 24.584000]
[1, 24.784000]
[1, 24.884000]
[1, 24.984000]
[2, 25.184000]
[2, 25.584000]
[1, 25.784000]
[1, 25.984000]
[1, 26.184000]
[1, 26.484000]
[1, 26.784000]
[1, 26.984000]
[1, 27.084000]
[1, 27.184000]
[1, 27.384000]
[1, 27.784000]
[1, 27.984000]
[1, 28.084000]
[1, 28.384000]
[1, 28.584000]
[2, 28.784000]
[1, 28.984000]
[1, 29.184000]
[2, 29.384000]
[1, 30.984000]
[2, 31.184000]
[4, 31.484000]
[4, 31.684000]
[1, 31.984000]
[2, 32.184000]
[3, 32.584000]
[1, 32.984000]
[3, 33.184000]
[2, 33.584000]
[3, 33.784000]
[1, 34.184000]
[1, 34.384000]
[1, 34.584000]
[1, 34.684000]
[1, 34.784000]
[3, 34.984000]
[3, 35.584000]
[3, 36.184000]
[2, 36.484000]
[3, 36.784000]
[2, 37.084000]
[3, 37.384000]
[3, 37.984000]
[2, 38.284000]
[3, 38.584000]
[3, 39.184000]
[3, 39.484000]
[4, 39.784000]
[4, 40.384000]
[4, 40.984000]
[4, 41.184000]
[4, 41.384000]
[4, 41.584000]
[3, 41.784000]
[4, 41.984000]
[3, 42.184000]
[3, 42.784000]
[4, 43.084000]
[1, 43.384000]
[1, 43.484000]
[1, 43.684000]
[1, 43.984000]
[1, 44.084000]
[1, 44.284000]
[1, 44.584000]
[1, 44.684000]
[1, 44.884000]
[1, 45.184000]
[1, 45.284000]
[1, 45.484000]
[3, 45.784000]
[4, 47.534000]
[1, 48.184000]
[2, 48.403780]
[2, 48.623560]
[1, 48.843341]
[2, 49.063121]
[2, 49.282901]
[1, 49.502681]
[2, 49.722462]
[2, 49.942242]
[1, 50.162022]
[2, 50.381802]
[2, 50.491692]
[2, 50.601582]
[1, 50.821363]
[2, 51.041143]
[2, 51.260923]
[1, 51.480703]
[2, 51.700484]
[2, 51.920264]
[1, 52.140044]
[2, 52.359824]
[2, 52.579604]
[1, 52.799385]
[2, 53.019165]
[2, 53.129055]
[2, 53.238945]
[1, 53.458725]
[1, 53.678505]
[1, 53.788396]
[1, 54.008176]
[1, 54.227956]
[1, 54.447736]
[1, 54.667516]
[1, 54.777407]
[1, 55.216967]
[2, 55.436747]
[2, 55.546637]
[2, 55.766418]
[1, 55.986198]
[1, 56.205978]
[2, 56.425758]
[2, 56.535648]
[1, 56.975209]
[1, 57.194989]
[1, 57.304879]
[1, 57.524659]
[1, 57.744440]
[1, 57.964220]
[1, 58.184000]
[1, 58.293890]
[1, 58.733451]
[2, 58.953231]
[2, 59.063121]
[2, 59.282901]
[1, 60.491692]
[2, 60.711473]
[2, 60.931253]
[1, 61.151033]
[2, 61.370813]
[1, 61.590593]
[1, 61.810374]
[2, 62.030154]
[2, 62.249934]
[1, 62.469714]
[2, 62.689495]
[1, 62.909275]
[1, 63.129055]
[2, 63.348835]
[2, 63.568615]
[1, 63.788396]
[2, 64.008176]
[1, 64.227956]
[1, 64.447736]
[2, 64.667516]
[2, 64.887297]
[1, 65.107077]
[2, 65.326857]
[1, 65.546637]
[1, 69.282953]
[1, 69.582953]
[1, 69.682953]
[1, 69.882953]
[1, 69.982953]
[1, 70.082953]
[1, 70.282953]
[1, 70.482953]
[1, 70.782953]
[1, 70.982953]
[1, 71.082953]
[1, 71.282953]
[1, 71.382953]
[1, 71.582953]
[1, 71.682953]
[1, 71.882953]
[1, 72.082953]
[1, 72.382953]
[1, 72.482953]
[1, 72.682953]
[1, 72.782953]
[1, 72.882953]
[1, 73.082953]
[1, 73.282953]
[1, 73.582953]
[1, 73.782953]
[1, 73.882953]
[1, 74.082953]
[1, 74.182953]
[1, 74.382953]
[1, 74.482953]
[1, 74.682953]
[1, 74.782953]
[1, 74.982953]
[1, 75.182953]
[1, 75.382953]
[1, 75.782953]
[1, 75.982953]
[1, 77.082953]
[1, 77.282953]
[1, 77.682953]
[1, 77.882953]
[1, 79.482953]
[1, 79.682953]
[2, 79.882953]
[1, 80.082953]
[1, 80.282953]
[1, 81.382953]
[1, 81.582953]
[2, 81.782953]
[1, 81.982953]
[1, 82.182953]
[3, 83.782953]
[1, 84.082953]
[1, 84.382953]
[2, 84.582953]
[1, 84.882953]
[1, 84.982953]
[1, 85.182953]
[1, 85.382953]
[1, 85.682953]
[1, 85.982953]
[2, 86.182953]
[1, 86.382953]
[2, 86.482953]
[1, 86.682953]
[1, 86.782953]
[3, 86.882953]
[1, 87.182953]
[1, 87.482953]
[2, 87.682953]
[1, 87.982953]
[1, 88.082953]
[1, 88.282953]
[1, 88.482953]
[1, 88.782953]
[1, 89.082953]
[2, 89.282953]
[1, 89.482953]
[2, 89.582953]
[2, 89.682953]
[3, 89.982953]
[1, 90.182953]
[2, 90.282953]
[1, 90.582953]
[2, 90.782953]
[1, 91.082953]
[1, 91.182953]
[1, 91.382953]
[1, 91.582953]
[1, 91.782953]
[2, 91.882953]
[1, 92.182953]
[2, 92.382953]
[1, 92.582953]
[2, 92.682953]
[1, 92.882953]
[1, 92.982953]
[3, 93.182953]
[1, 93.382953]
[2, 93.482953]
[1, 93.782953]
[2, 93.982953]
[1, 94.282953]
[1, 94.382953]
[1, 94.582953]
[1, 94.782953]
[1, 94.982953]
[2, 95.082953]
[2, 95.282953]
[2, 95.382953]
[2, 95.582953]
[2, 95.782953]
[2, 95.982953]
[4, 96.382953]
[2, 96.582953]
[2, 96.682953]
[2, 96.882953]
[2, 97.082953]
[2, 97.182953]
[2, 97.382953]
[1, 97.582953]
[1, 97.782953]
[1, 97.982953]
[1, 98.082953]
[1, 98.282953]
[1, 98.482953]
[1, 98.582953]
[4, 98.782953]
[2, 98.982953]
[2, 99.082953]
[2, 99.282953]
[2, 99.482953]
[2, 99.582953]
[2, 99.782953]
[1, 99.982953]
[4, 101.582953]
[2, 101.782953]
[2, 101.882953]
[2, 102.082953]
[2, 102.282953]
[2, 102.382953]
[2, 102.582953]
[1, 102.782953]
[1, 102.982953]
[1, 103.182953]
[1, 103.282953]
[1, 103.482953]
[1, 103.682953]
[1, 103.782953]
[4, 103.982953]
[2, 104.182953]
[2, 104.282953]
[2, 104.482953]
[2, 104.682953]
[2, 104.782953]
[2, 104.982953]
[1, 105.182953]
[1, 105.382953]
[1, 105.582953]
[1, 105.682953]
[1, 105.882953]
[1, 106.082953]
[1, 106.182953]
[1, 106.382953]
[1, 106.582953]
[3, 106.982953]
[1, 107.182953]
[1, 107.382953]
[1, 107.482953]
[1, 107.682953]
[1, 107.882953]
[1, 107.982953]
[1, 108.182953]
[1, 108.382953]
[1, 108.482953]
[1, 108.582953]
[1, 108.782953]
[1, 108.882953]
[1, 108.982953]
[1, 109.082953]
[1, 109.282953]
[1, 109.482953]
[1, 109.582953]
[1, 109.782953]
[1, 109.882953]
[1, 109.982953]
[3, 110.182953]
[1, 110.382953]
[1, 110.482953]
[1, 110.582953]
[2, 110.782953]
[1, 110.982953]
[1, 111.082953]
[1, 111.182953]
[1, 111.382953]
[1, 111.482953]
[1, 111.582953]
[3, 111.782953]
[3, 111.882953]
[3, 112.082953]
[3, 112.282953]
[4, 112.482953]
[1, 113.182953]
[1, 113.582953]
[1, 113.682953]
[2, 113.782953]
[2, 114.182953]
[1, 114.282953]
[1, 114.382953]
[2, 114.682953]
[2, 114.882953]
[2, 114.982953]
[1, 115.282953]
[1, 115.582953]
[1, 115.982953]
[1, 116.082953]
[2, 116.182953]
[1, 116.482953]
[1, 116.782953]
[1, 116.982953]
[1, 117.082953]
[2, 117.282953]
[2, 117.382953]
[2, 117.682953]
[4, 117.982953]
[1, 118.382953]
[1, 118.482953]
[2, 118.582953]
[2, 118.982953]
[1, 119.182953]
[2, 119.382953]
[1, 119.582953]
[2, 119.782953]
[1, 119.982953]
[2, 120.182953]
[1, 120.382953]
[2, 120.782953]
[2, 120.982953]
[2, 121.282953]
[1, 126.182953]
[2, 126.382953]
[1, 126.482953]
[2, 126.582953]
[2, 126.782953]
[1, 126.882953]
[2, 126.982953]
[1, 127.082953]
[1, 127.182953]
[2, 127.382953]
[1, 127.482953]
[2, 127.582953]
[2, 127.782953]
[1, 127.882953]
[2, 127.982953]
[2, 128.182953]
[2, 128.382953]
[1, 128.482953]
[2, 128.582953]
[1, 128.682953]
[2, 128.782953]
[1, 128.882953]
[2, 128.982953]
[1, 129.182953]
[1, 129.382953]
[1, 129.482953]
[1, 129.582953]
[1, 129.782953]
[1, 129.882953]
[1, 129.982953]
[1, 130.082953]
[1, 130.182953]

course: 1
[1, 3.784000]
[1, 4.384000]
[1, 4.584000]
[1, 4.784000]
[1, 4.984000]
[1, 5.584000]
[1, 5.784000]
[1, 5.984000]
[3, 6.184000]
[1, 6.784000]
[1, 7.384000]
[1, 7.584000]
[1, 7.784000]
[1, 7.984000]
[1, 9.784000]
[1, 9.984000]
[3, 10.384000]
[1, 10.984000]
[1, 11.184000]
[3, 11.584000]
[1, 12.184000]
[1, 12.384000]
[3, 12.784000]
[4, 13.384000]
[4, 13.584000]
[4, 13.784000]
[4, 13.984000]
[1, 14.584000]
[1, 14.784000]
[1, 14.984000]
[3, 15.184000]
[1, 15.784000]
[1, 15.984000]
[1, 16.184000]
[3, 16.384000]
[1, 16.984000]
[1, 17.184000]
[1, 17.384000]
[3, 17.584000]
[1, 19.784000]
[1, 20.084000]
[1, 20.384000]
[1, 20.684000]
[1, 20.984000]
[1, 21.384000]
[1, 21.584000]
[1, 21.784000]
[1, 21.984000]
[1, 22.984000]
[1, 23.384000]
[1, 23.784000]
[1, 23.984000]
[1, 24.584000]
[1, 24.784000]
[1, 24.984000]
[1, 25.184000]
[1, 25.784000]
[1, 26.184000]
[1, 26.484000]
[1, 26.784000]
[1, 26.984000]
[1, 27.784000]
[1, 28.084000]
[1, 28.384000]
[1, 28.584000]
[1, 28.984000]
[1, 29.184000]
[1, 29.384000]
[1, 30.984000]
[4, 31.484000]
[4, 31.684000]
[2, 32.184000]
[3, 32.584000]
[3, 33.184000]
[3, 33.784000]
[1, 34.384000]
[1, 34.584000]
[1, 34.784000]
[3, 34.984000]
[3, 35.584000]
[3, 36.184000]
[3, 36.784000]
[3, 37.384000]
[3, 37.984000]
[3, 38.584000]
[3, 39.184000]
[3, 39.484000]
[4, 39.784000]
[4, 40.384000]
[4, 40.984000]
[4, 41.184000]
[4, 41.384000]
[4, 41.584000]
[3, 42.184000]
[3, 42.784000]
[1, 43.384000]
[1, 43.684000]
[1, 43.984000]
[1, 44.284000]
[1, 44.584000]
[1, 44.884000]
[1, 45.184000]
[1, 45.484000]
[3, 45.784000]
[4, 47.534000]
[1, 48.184000]
[1, 48.623560]
[1, 48.843341]
[1, 49.282901]
[1, 49.502681]
[1, 49.942242]
[1, 50.162022]
[2, 50.601582]
[1, 50.821363]
[1, 51.260923]
[1, 51.480703]
[1, 51.920264]
[1, 52.140044]
[1, 52.579604]
[1, 52.799385]
[2, 53.019165]
[2, 53.238945]
[1, 53.458725]
[2, 53.898286]
[1, 54.227956]
[1, 54.557626]
[2, 54.777407]
[1, 55.216967]
[2, 55.656527]
[1, 55.986198]
[1, 56.315868]
[2, 56.535648]
[1, 56.755429]
[1, 56.975209]
[2, 57.414769]
[1, 57.744440]
[1, 58.074110]
[2, 58.293890]
[1, 58.733451]
[2, 59.173011]
[1, 60.491692]
[1, 60.931253]
[1, 61.151033]
[1, 61.590593]
[1, 61.810374]
[1, 62.249934]
[1, 62.469714]
[1, 62.689495]
[1, 62.909275]
[1, 63.129055]
[1, 63.568615]
[1, 63.788396]
[1, 64.227956]
[1, 64.447736]
[1, 64.887297]
[1, 65.107077]
[1, 65.326857]
[1, 65.546637]
[1, 69.282953]
[1, 69.582953]
[1, 69.682953]
[1, 69.882953]
[1, 70.082953]
[1, 70.482953]
[1, 70.782953]
[1, 71.082953]
[1, 71.382953]
[1, 71.682953]
[1, 71.882953]
[1, 72.082953]
[1, 72.382953]
[1, 72.482953]
[1, 72.682953]
[1, 72.882953]
[1, 73.282953]
[1, 73.582953]
[1, 73.882953]
[1, 74.182953]
[1, 74.482953]
[1, 74.682953]
[1, 74.782953]
[1, 74.982953]
[1, 75.182953]
[1, 75.382953]
[1, 75.782953]
[1, 75.982953]
[1, 77.082953]
[1, 77.282953]
[1, 77.682953]
[1, 77.882953]
[1, 79.482953]
[1, 79.682953]
[1, 80.082953]
[1, 80.282953]
[1, 81.382953]
[1, 81.582953]
[1, 81.982953]
[1, 82.182953]
[3, 83.782953]
[1, 84.082953]
[1, 84.382953]
[2, 84.582953]
[1, 84.982953]
[1, 85.382953]
[1, 85.682953]
[1, 85.982953]
[2, 86.182953]
[2, 86.482953]
[3, 86.882953]
[1, 87.182953]
[1, 87.482953]
[2, 87.682953]
[1, 88.082953]
[1, 88.482953]
[1, 88.782953]
[1, 89.082953]
[2, 89.282953]
[2, 89.582953]
[2, 89.682953]
[3, 89.982953]
[1, 90.282953]
[1, 90.582953]
[2, 90.782953]
[1, 91.182953]
[1, 91.582953]
[1, 91.882953]
[1, 92.182953]
[2, 92.382953]
[2, 92.682953]
[2, 92.982953]
[3, 93.182953]
[1, 93.482953]
[1, 93.782953]
[2, 93.982953]
[1, 94.382953]
[1, 94.782953]
[2, 95.082953]
[2, 95.382953]
[2, 95.582953]
[2, 95.782953]
[2, 95.982953]
[4, 96.382953]
[1, 96.782953]
[1, 97.182953]
[1, 97.582953]
[1, 97.782953]
[1, 98.082953]
[1, 98.282953]
[1, 98.582953]
[4, 98.782953]
[2, 99.182953]
[2, 99.582953]
[2, 99.982953]
[4, 101.582953]
[1, 101.982953]
[1, 102.382953]
[1, 102.782953]
[1, 102.982953]
[1, 103.282953]
[1, 103.482953]
[1, 103.782953]
[4, 103.982953]
[2, 104.382953]
[2, 104.782953]
[2, 105.182953]
[3, 106.982953]
[1, 107.182953]
[1, 107.382953]
[2, 107.582953]
[1, 107.782953]
[2, 107.982953]
[1, 108.182953]
[2, 108.382953]
[1, 108.582953]
[1, 108.782953]
[1, 108.982953]
[2, 109.182953]
[1, 109.382953]
[2, 109.582953]
[1, 109.782953]
[2, 109.982953]
[3, 110.182953]
[1, 110.382953]
[1, 110.582953]
[2, 110.782953]
[1, 110.982953]
[2, 111.182953]
[1, 111.382953]
[2, 111.582953]
[1, 113.182953]
[2, 113.782953]
[1, 114.382953]
[2, 114.682953]
[1, 114.982953]
[2, 115.282953]
[1, 115.582953]
[2, 116.182953]
[1, 116.482953]
[1, 116.782953]
[1, 117.082953]
[2, 117.382953]
[2, 117.682953]
[4, 117.982953]
[2, 118.582953]
[1, 119.182953]
[1, 119.382953]
[1, 119.582953]
[1, 119.782953]
[1, 119.982953]
[1, 120.182953]
[1, 120.382953]
[2, 120.982953]
[1, 126.182953]
[1, 126.382953]
[1, 126.482953]
[1, 126.582953]
[1, 126.782953]
[1, 126.982953]
[1, 127.182953]
[1, 127.382953]
[1, 127.482953]
[1, 127.582953]
[1, 127.782953]
[2, 127.982953]
[1, 128.182953]
[1, 128.382953]
[1, 128.482953]
[1, 128.582953]
[2, 128.782953]
[2, 128.982953]
[1, 129.182953]
[1, 129.382953]
[1, 129.482953]
[1, 129.582953]
[1, 129.782953]
[1, 129.882953]
[1, 129.982953]
[1, 130.182953]

course: 0
[1, 3.784000]
[1, 4.384000]
[1, 4.784000]
[1, 4.984000]
[1, 5.584000]
[1, 5.984000]
[3, 6.184000]
[1, 6.784000]
[1, 7.384000]
[1, 7.784000]
[1, 7.984000]
[1, 9.784000]
[3, 10.384000]
[1, 10.984000]
[3, 11.584000]
[1, 12.184000]
[3, 12.784000]
[1, 14.584000]
[3, 15.184000]
[1, 15.784000]
[3, 16.384000]
[1, 16.984000]
[3, 17.584000]
[1, 21.384000]
[1, 21.784000]
[1, 21.984000]
[1, 22.984000]
[1, 23.384000]
[1, 23.784000]
[1, 23.984000]
[1, 24.584000]
[1, 24.984000]
[1, 25.184000]
[1, 25.784000]
[1, 26.184000]
[1, 26.984000]
[1, 27.384000]
[1, 27.784000]
[1, 28.184000]
[1, 28.384000]
[1, 28.984000]
[1, 30.984000]
[4, 31.484000]
[4, 31.684000]
[2, 32.184000]
[3, 32.584000]
[3, 33.184000]
[3, 33.784000]
[3, 34.384000]
[3, 34.984000]
[3, 35.584000]
[3, 36.184000]
[3, 37.384000]
[3, 37.984000]
[3, 38.584000]
[4, 39.784000]
[4, 40.384000]
[4, 40.984000]
[4, 41.584000]
[3, 42.184000]
[3, 42.784000]
[1, 43.384000]
[1, 43.684000]
[1, 43.984000]
[1, 44.584000]
[1, 44.884000]
[1, 45.184000]
[3, 45.784000]
[4, 47.534000]
[1, 48.184000]
[1, 48.623560]
[1, 48.843341]
[2, 49.502681]
[1, 49.942242]
[1, 50.162022]
[1, 50.821363]
[1, 51.260923]
[1, 51.480703]
[1, 53.458725]
[2, 53.898286]
[2, 54.777407]
[1, 55.216967]
[2, 55.656527]
[2, 56.535648]
[1, 56.975209]
[2, 57.414769]
[2, 58.293890]
[1, 58.733451]
[2, 59.173011]
[1, 60.491692]
[1, 60.711473]
[1, 61.151033]
[1, 61.370813]
[1, 61.810374]
[1, 62.030154]
[1, 62.469714]
[1, 62.689495]
[1, 63.129055]
[1, 63.348835]
[1, 63.788396]
[1, 64.008176]
[1, 64.447736]
[1, 64.667516]
[1, 65.107077]
[1, 65.326857]
[1, 69.282901]
[1, 69.682901]
[1, 70.082901]
[1, 70.782901]
[1, 71.082901]
[1, 71.382901]
[1, 71.682901]
[1, 71.882901]
[1, 72.082901]
[1, 72.482901]
[1, 72.882901]
[1, 73.582901]
[1, 73.882901]
[1, 74.182901]
[1, 74.482901]
[1, 74.782901]
[1, 74.982901]
[1, 75.182901]
[1, 75.782901]
[1, 77.082901]
[1, 77.682901]
[1, 79.482901]
[1, 80.082901]
[1, 81.382901]
[1, 81.982901]
[3, 83.782901]
[1, 84.082901]
[2, 84.582901]
[1, 84.982901]
[1, 85.382901]
[2, 86.182901]
[3, 86.882901]
[1, 87.182901]
[2, 87.682901]
[1, 88.482901]
[2, 89.282901]
[2, 89.682901]
[3, 89.982901]
[1, 90.282901]
[2, 90.782901]
[1, 91.182901]
[1, 91.582901]
[2, 92.382901]
[3, 93.182901]
[1, 93.482901]
[2, 93.982901]
[1, 94.382901]
[1, 94.782901]
[2, 95.582901]
[4, 96.382901]
[2, 97.182901]
[1, 97.782901]
[1, 98.282901]
[4, 98.782901]
[2, 99.582901]
[4, 101.582901]
[2, 102.382901]
[1, 102.982901]
[1, 103.482901]
[4, 103.982901]
[2, 104.782901]
[3, 106.982901]
[1, 107.182901]
[1, 107.382901]
[1, 107.582901]
[1, 107.782901]
[1, 107.982901]
[1, 108.182901]
[1, 108.382901]
[1, 108.582901]
[1, 108.782901]
[1, 108.982901]
[1, 109.182901]
[1, 109.382901]
[1, 109.582901]
[1, 109.782901]
[1, 109.982901]
[3, 110.182901]
[1, 110.382901]
[1, 110.582901]
[1, 110.782901]
[1, 110.982901]
[1, 111.182901]
[1, 111.382901]
[1, 111.582901]
[1, 113.182901]
[1, 113.782901]
[1, 114.382901]
[1, 114.682901]
[1, 114.982901]
[1, 115.582901]
[1, 116.182901]
[1, 116.782901]
[1, 117.082901]
[1, 117.382901]
[4, 117.982901]
[2, 118.582901]
[1, 119.182901]
[1, 119.582901]
[1, 119.782901]
[1, 120.382901]
[1, 120.982901]
[1, 126.182901]
[1, 126.382901]
[1, 126.582901]
[1, 126.782901]
[1, 126.982901]
[1, 127.182901]
[1, 127.382901]
[1, 127.582901]
[1, 127.782901]
[1, 127.982901]
[1, 128.182901]
[1, 128.382901]
[1, 128.582901]
[1, 128.782901]
[1, 128.982901]
[1, 129.182901]
[1, 129.382901]
[1, 129.582901]
[1, 129.782901]
[1, 129.982901]
[1, 130.182901]
