course: 4
[2, 2.172455]
[2, 2.240636]
[2, 2.308818]
[2, 2.377000]
[2, 2.445182]
[2, 2.581545]
[3, 2.717909]
[2, 3.808818]
[1, 3.945181]
[1, 4.013363]
[2, 4.081545]
[2, 4.217909]
[1, 4.354273]
[1, 4.422455]
[2, 4.490637]
[2, 4.763365]
[2, 4.831547]
[1, 4.899729]
[2, 5.581554]
[2, 5.649736]
[2, 5.717919]
[2, 5.854284]
[2, 5.899739]
[2, 5.945194]
[1, 5.990649]
[2, 6.263377]
[1, 6.399741]
[1, 6.467923]
[1, 6.536105]
[2, 6.672469]
[1, 6.808833]
[2, 6.945197]
[2, 7.013379]
[1, 7.081561]
[2, 7.763381]
[2, 7.831563]
[1, 7.899745]
[2, 7.967927]
[1, 8.036108]
[2, 8.104290]
[2, 8.172472]
[1, 8.308836]
[1, 8.377018]
[2, 8.445200]
[2, 8.581564]
[1, 8.717928]
[1, 8.786110]
[2, 8.854292]
[2, 9.127020]
[2, 9.195202]
[1, 9.263384]
[1, 9.399749]
[2, 9.536114]
[1, 9.672479]
[2, 9.945209]
[1, 10.081573]
[1, 10.127028]
[1, 10.217938]
[1, 10.354303]
[1, 10.627028]
[2, 10.899752]
[1, 11.036114]
[3, 11.445200]
[2, 11.717924]
[1, 11.854286]
[1, 11.922467]
[2, 11.990648]
[1, 12.127010]
[1, 12.172464]
[2, 12.263372]
[1, 12.399734]
[2, 12.536097]
[2, 12.604278]
[2, 12.672459]
[2, 12.740640]
[1, 12.808821]
[2, 12.945183]
[2, 13.081545]
[1, 13.217907]
[1, 13.263361]
[2, 13.354269]
[2, 13.422450]
[2, 13.490631]
[2, 13.558812]
[2, 13.899717]
[1, 14.036079]
[2, 14.172441]
[1, 14.263350]
[1, 14.308804]
[2, 14.445166]
[2, 14.513347]
[2, 14.581528]
[1, 14.717890]
[2, 14.854252]
[1, 14.922433]
[2, 15.058795]
[1, 15.126976]
[1, 15.263338]
[1, 15.308792]
[1, 15.354246]
[1, 15.399700]
[1, 15.445154]
[1, 15.490608]
[2, 15.536062]
[2, 15.672424]
[1, 15.808786]
[2, 16.081514]
[1, 16.217882]
[1, 16.286066]
[2, 16.354250]
[1, 16.490618]
[1, 16.536074]
[2, 16.626986]
[1, 16.763353]
[2, 16.899721]
[2, 16.967905]
[2, 17.036089]
[2, 17.104273]
[1, 17.172457]
[2, 17.308825]
[2, 17.445192]
[1, 17.581560]
[1, 17.627016]
[2, 17.717928]
[2, 17.786112]
[2, 17.854296]
[2, 17.922480]
[2, 18.263399]
[1, 18.399767]
[2, 18.536135]
[1, 18.627047]
[1, 18.672503]
[2, 18.808870]
[2, 18.877054]
[2, 18.945238]
[1, 19.081606]
[2, 19.217974]
[1, 19.286158]
[2, 19.422525]
[1, 19.490709]
[1, 19.627077]
[1, 19.672533]
[1, 19.717989]
[1, 19.763445]
[1, 19.808901]
[1, 19.854357]
[2, 19.899813]
[2, 20.036180]
[1, 20.172548]
[1, 20.445276]
[1, 20.581640]
[1, 20.718004]
[1, 20.854368]
[1, 20.990732]
[1, 21.127096]
[1, 21.263460]
[1, 21.399828]
[1, 21.468012]
[1, 21.536196]
[1, 21.672564]
[1, 21.808931]
[1, 21.945299]
[1, 21.990755]
[1, 22.036211]
[1, 22.081667]
[1, 22.149851]
[1, 22.218035]
[1, 22.286219]
[1, 22.354403]
[1, 22.445314]
[1, 22.536226]
[1, 22.627138]
[1, 22.695322]
[1, 22.763506]
[1, 22.831690]
[1, 22.899874]
[1, 22.945330]
[1, 22.990786]
[1, 23.036242]
[1, 23.081697]
[1, 23.127153]
[1, 23.172609]
[1, 23.218065]
[1, 23.263521]
[1, 23.308977]
[1, 23.354433]
[1, 23.399889]
[2, 23.581709]
[1, 23.718073]
[1, 23.854437]
[2, 23.990801]
[1, 24.127165]
[1, 24.195347]
[2, 24.263529]
[2, 24.331711]
[2, 24.399893]
[3, 24.536257]
[1, 24.808985]
[1, 24.945349]
[1, 25.013531]
[2, 25.081713]
[2, 25.354441]
[1, 25.490805]
[1, 25.899897]
[1, 26.036261]
[2, 26.172625]
[1, 26.445353]
[1, 26.718081]
[1, 26.763536]
[1, 26.808992]
[1, 26.854448]
[1, 26.922632]
[2, 27.263552]
[2, 27.536287]
[1, 27.672655]
[1, 28.081747]
[1, 28.218109]
[2, 28.354471]
[1, 28.445379]
[2, 28.536287]
[1, 28.627195]
[1, 28.718103]
[2, 28.809011]
[1, 28.899920]
[1, 29.172647]
[1, 29.309011]
[1, 29.377193]
[2, 29.445375]
[2, 29.718103]
[1, 29.854467]
[1, 30.263559]
[1, 30.399923]
[2, 30.536287]
[1, 30.809015]
[2, 31.081743]
[2, 31.354471]
[2, 31.490835]
[2, 31.627199]
[2, 31.763563]
[2, 31.831745]
[2, 31.899927]
[2, 32.036289]
[2, 32.172649]
[2, 32.240833]
[2, 32.309017]
[2, 32.354473]
[2, 32.399929]
[2, 32.445385]
[2, 32.490841]
[2, 32.536297]
[2, 32.581753]
[2, 32.649937]
[1, 32.718121]
[3, 33.263592]
[2, 33.536312]
[1, 33.672672]
[1, 33.740852]
[1, 33.809032]
[2, 34.081753]
[1, 34.218113]
[2, 34.627201]
[1, 34.763565]
[1, 34.899929]
[2, 35.172657]
[1, 35.445385]
[1, 35.490841]
[1, 35.536297]
[1, 35.581753]
[1, 35.649937]
[1, 35.990856]
[2, 36.263592]
[1, 36.399960]
[2, 36.809063]
[1, 36.945431]
[1, 37.081799]
[1, 37.172710]
[2, 37.263622]
[2, 37.309078]
[1, 37.354534]
[1, 37.445446]
[2, 37.536358]
[1, 37.627270]
[2, 37.899990]
[1, 38.036350]
[2, 38.104530]
[1, 38.172710]
[2, 38.445431]
[1, 38.581791]
[1, 38.718151]
[1, 38.854511]
[2, 38.990871]
[1, 39.127232]
[1, 39.263592]
[1, 39.399952]
[1, 39.468132]
[2, 39.536312]
[1, 39.672672]
[2, 39.809032]
[2, 40.013573]
[2, 40.149933]
[2, 40.218113]
[2, 40.354473]
[2, 40.490833]
[2, 40.559013]
[2, 40.627193]
[2, 40.763554]
[3, 40.899914]
[4, 41.718098]
[1, 41.990826]
[1, 42.059006]
[2, 42.195366]
[1, 42.331726]
[1, 42.399906]
[1, 42.468086]
[2, 42.536266]
[1, 42.672626]
[1, 42.740807]
[2, 42.808987]
[1, 42.945347]
[2, 43.081707]
[2, 43.149891]
[2, 43.218075]
[2, 43.286259]
[2, 43.354443]
[2, 43.490810]
[2, 43.536266]
[2, 43.581722]
[2, 43.695362]
[2, 43.763546]
[2, 43.831730]
[1, 43.899914]
[3, 44.036282]
[1, 44.172649]
[1, 44.240829]
[2, 44.377190]
[1, 44.513550]
[1, 44.581730]
[1, 44.649910]
[2, 44.718090]
[1, 44.854450]
[1, 44.922630]
[2, 44.990810]
[1, 45.058990]
[2, 45.127171]
[2, 45.263531]
[2, 45.331715]
[2, 45.399899]
[2, 45.445354]
[2, 45.490810]
[2, 45.604450]
[2, 45.672634]
[2, 45.740818]
[1, 45.809002]
[4, 46.081738]
[1, 46.354473]
[1, 46.422653]
[2, 46.559013]
[1, 46.695374]
[1, 46.763554]
[2, 46.899914]
[1, 47.036274]
[1, 47.104454]
[2, 47.172634]
[1, 47.308994]
[2, 47.445354]
[2, 47.513538]
[2, 47.581722]
[2, 47.649906]
[2, 47.718090]
[2, 47.854458]
[2, 47.899914]
[2, 47.945370]
[2, 48.059010]
[2, 48.127193]
[2, 48.195377]
[1, 48.263561]
[3, 48.399929]
[1, 48.536297]
[1, 48.604477]
[2, 48.740837]
[1, 48.877197]
[1, 48.945377]
[2, 49.081738]
[1, 49.218098]
[1, 49.286278]
[2, 49.354458]
[1, 49.490818]
[2, 49.627178]
[2, 49.831718]
[2, 49.968079]
[2, 50.036259]
[2, 50.172619]
[2, 50.308979]
[2, 50.377159]
[1, 50.445339]
[2, 50.581699]
[1, 50.718060]
[1, 50.786240]
[2, 50.922600]
[1, 51.058960]
[1, 51.127140]
[1, 51.195320]
[2, 51.263500]
[1, 51.399860]
[1, 51.468040]
[2, 51.536221]
[1, 51.672581]
[2, 51.808941]
[2, 51.877125]
[2, 51.945309]
[2, 52.013493]
[2, 52.081676]
[2, 52.218044]
[2, 52.263500]
[2, 52.308956]
[2, 52.422596]
[2, 52.490780]
[2, 52.558964]
[1, 52.627148]
[3, 52.763515]
[1, 52.899883]
[1, 52.968063]
[2, 53.104424]
[1, 53.240784]
[1, 53.308964]
[1, 53.377144]
[2, 53.445324]
[1, 53.581684]
[1, 53.649864]
[2, 53.718044]
[1, 53.786224]
[2, 53.854404]
[2, 53.990765]
[2, 54.058949]
[2, 54.127132]
[2, 54.172588]
[2, 54.218044]
[2, 54.331684]
[2, 54.399868]
[2, 54.468052]
[1, 54.536236]
[4, 54.808971]
[1, 55.081707]
[1, 55.149887]
[2, 55.286247]
[1, 55.422607]
[1, 55.490788]
[1, 55.558968]
[2, 55.627148]
[1, 55.695328]
[2, 55.831688]
[2, 55.968048]
[1, 56.036228]
[1, 56.104408]
[2, 56.172588]
[2, 56.240768]
[1, 56.308949]
[2, 56.377129]
[1, 56.513489]
[1, 56.581669]
[1, 56.649849]
[2, 56.718029]
[2, 56.786209]
[1, 56.854389]
[2, 56.922569]
[2, 57.058929]
[1, 57.127110]
[1, 57.195290]
[2, 57.263470]
[1, 57.331650]
[1, 57.399830]
[2, 57.468010]
[1, 57.536190]
[1, 57.604370]
[2, 57.672550]
[2, 57.740730]
[1, 57.808910]
[1, 57.877090]
[1, 57.945271]
[1, 58.013451]
[2, 58.081631]
[2, 58.149811]
[2, 58.217991]
[2, 58.286171]
[1, 58.354351]
[2, 58.490711]
[2, 58.627071]
[1, 58.763432]
[2, 58.831612]
[1, 58.899792]
[1, 59.036152]
[1, 59.104332]
[2, 59.172512]
[1, 59.445232]
[2, 59.717953]
[2, 59.854313]
[2, 59.990673]
[2, 60.058853]
[2, 60.127033]
[2, 60.195213]
[2, 60.263393]
[2, 60.399754]
[2, 60.536114]
[2, 60.808834]
[2, 61.081554]
[2, 61.149734]
[2, 61.217915]
[2, 61.354275]
[2, 61.490635]
[2, 61.626995]
[2, 61.899715]
[2, 62.172436]
[2, 62.240616]
[2, 62.308796]
[2, 62.445156]
[2, 62.717876]
[2, 62.990604]
[2, 63.263332]
[2, 63.399696]
[1, 63.808788]
[1, 63.945148]
[1, 64.081512]
[1, 64.217880]
[1, 64.286064]
[2, 64.354248]
[1, 64.490616]
[1, 64.626984]
[1, 64.763351]
[1, 65.036087]
[1, 65.104271]
[1, 65.172455]
[1, 65.308823]
[2, 65.445190]
[1, 65.581558]
[1, 65.627014]
[1, 65.672470]
[1, 65.717926]
[1, 65.854294]
[2, 65.990662]
[1, 66.127029]
[2, 66.263397]
[1, 66.399765]
[1, 66.536133]
[1, 66.604317]
[2, 66.672501]
[1, 66.740685]
[2, 66.808868]
[1, 66.945236]
[2, 67.081604]
[2, 67.149788]
[2, 67.217972]
[2, 67.286156]
[1, 67.354340]
[1, 67.422523]
[1, 67.490707]
[1, 67.558891]
[2, 67.627075]
[1, 67.672531]
[1, 67.717987]
[1, 67.763443]
[2, 67.831627]
[2, 67.877083]
[1, 67.922539]
[1, 67.967995]
[2, 68.036179]
[2, 68.081635]
[2, 68.127090]
[1, 68.172546]
[1, 68.445267]
[1, 68.581627]
[1, 68.717987]
[1, 68.854347]
[1, 68.990707]
[1, 69.127068]
[1, 69.263428]
[1, 69.399796]
[1, 69.536163]
[1, 69.672531]
[1, 69.808899]
[1, 69.945267]
[1, 70.013451]
[1, 70.081635]
[1, 70.218002]
[1, 70.354370]
[1, 70.490738]
[1, 70.627106]
[1, 70.763474]
[1, 70.899841]
[1, 71.036209]
[1, 71.104393]
[2, 71.172577]
[2, 71.240761]
[1, 71.308945]
[2, 71.445313]
[2, 71.513496]
[1, 71.581680]
[1, 71.718048]
[1, 71.786232]
[1, 71.854416]
[1, 71.922600]
[1, 71.990784]
[1, 72.127151]
[1, 72.195335]
[1, 72.263519]
[2, 72.399887]
[1, 72.536255]
[1, 72.604439]
[1, 72.672623]
[1, 72.740807]
[1, 72.808990]
[1, 72.877174]
[1, 72.945358]
[1, 73.013542]
[1, 73.081726]
[1, 73.149910]
[1, 73.218094]
[1, 73.286278]
[1, 73.354462]
[1, 73.422646]
[1, 73.490829]
[1, 73.559013]
[1, 73.627197]
[1, 73.695381]
[1, 73.763565]
[1, 73.831749]
[1, 73.899933]
[1, 73.968117]
[1, 74.036301]
[1, 74.104485]
[1, 74.172668]
[1, 74.240852]
[1, 74.309036]
[1, 74.377220]
[1, 74.445404]
[1, 74.513588]
[1, 74.581772]
[1, 74.649956]
[1, 74.718140]
[1, 74.763596]
[1, 74.809052]
[1, 74.854507]
[1, 74.922691]
[1, 74.990875]
[1, 75.059059]
[1, 75.127243]
[1, 75.195427]
[1, 75.263611]
[1, 75.309067]
[1, 75.354523]
[1, 75.399979]
[1, 75.468163]
[1, 75.536346]
[1, 75.604530]
[1, 75.672714]
[1, 75.740898]
[2, 75.809082]
[2, 75.877266]
[1, 75.945450]
[2, 76.081818]
[2, 76.150002]
[1, 76.218185]
[2, 76.354553]
[2, 76.400009]
[4, 80.990944]
[1, 81.263672]
[2, 81.536407]
[1, 81.672775]
[1, 81.945511]
[2, 82.081879]
[1, 82.286430]
[1, 82.354614]
[1, 82.490982]
[2, 82.627350]
[1, 82.763718]
[1, 83.036453]
[1, 83.104637]
[2, 83.172821]
[1, 83.309189]
[1, 83.445557]
[2, 83.718292]
[1, 83.854660]
[1, 84.127396]
[2, 84.263763]
[2, 84.331947]
[1, 84.400131]
[1, 84.468315]
[1, 84.536499]
[1, 84.672867]
[1, 84.741051]
[2, 84.809235]
[1, 84.945602]
[2, 85.013786]
[2, 85.150154]
[1, 85.218338]
[2, 85.354706]
[2, 85.422890]
[2, 85.491074]
[2, 85.559258]
[1, 85.627441]
[2, 85.900177]
[1, 86.036545]
[1, 86.309280]
[2, 86.445648]
[1, 86.650200]
[1, 86.718384]
[1, 86.854752]
[2, 86.991119]
[1, 87.127487]
[1, 87.400223]
[1, 87.468407]
[2, 87.536591]
[1, 87.672958]
[1, 87.809326]
[2, 88.082062]
[1, 88.218430]
[1, 88.491165]
[2, 88.627533]
[2, 88.695717]
[1, 88.763901]
[1, 88.832085]
[1, 89.036636]
[1, 89.104820]
[2, 89.173004]
[1, 89.309372]
[2, 89.445740]
[2, 89.513924]
[1, 89.582108]
[2, 89.718475]
[1, 89.786659]
[1, 89.854843]
[1, 89.923027]
[1, 89.991211]
[1, 90.263947]
[1, 90.400314]
[1, 90.536682]
[1, 90.673050]
[1, 90.809418]
[1, 90.877602]
[1, 90.945786]
[1, 91.013969]
[1, 91.082153]
[1, 91.218521]
[1, 91.354889]
[1, 91.423073]
[1, 91.491257]
[1, 91.559441]
[1, 91.627625]
[1, 91.695808]
[1, 91.763992]
[1, 91.832176]
[2, 91.900360]
[3, 92.173096]
[1, 92.445816]
[4, 92.582176]
[4, 92.854897]
[4, 94.082184]
[1, 94.354919]
[1, 94.423103]
[2, 94.491287]
[1, 94.559471]
[2, 94.627655]
[2, 94.695839]
[1, 94.764023]
[1, 94.832207]
[2, 94.900391]
[1, 94.968575]
[2, 95.036758]
[2, 95.104942]
[1, 95.241310]
[1, 95.309494]
[1, 95.377678]
[2, 95.445862]
[2, 95.514046]
[2, 95.582230]
[1, 95.650414]
[2, 95.718597]
[2, 95.786781]
[1, 95.854965]
[2, 95.991333]
[2, 96.059517]
[1, 96.127701]
[2, 96.264069]
[2, 96.332253]
[2, 96.400436]
[1, 96.468620]
[1, 96.536804]
[1, 96.604988]
[2, 96.673172]
[1, 96.741356]
[2, 96.809540]
[2, 96.877724]
[1, 96.945908]
[1, 97.014091]
[2, 97.082275]
[1, 97.150459]
[2, 97.218643]
[2, 97.286827]
[1, 97.355011]
[1, 97.423195]
[2, 97.491379]
[2, 97.559563]
[1, 97.627747]
[2, 97.695930]
[2, 97.764114]
[2, 97.832298]
[1, 97.900482]
[2, 98.036850]
[2, 98.105034]
[1, 98.173218]
[1, 98.241402]
[2, 98.309586]
[1, 98.377769]
[1, 98.445953]
[2, 98.514137]
[2, 98.582321]
[2, 98.650505]
[1, 98.718689]
[1, 98.786873]
[2, 98.855057]
[1, 98.923241]
[2, 98.991425]
[2, 99.059608]
[1, 99.127792]
[1, 99.195976]
[2, 99.264160]
[1, 99.332344]
[2, 99.400528]
[2, 99.468712]
[1, 99.605080]
[1, 99.673264]
[1, 99.741447]
[2, 99.809631]
[2, 99.877815]
[2, 99.945999]
[1, 100.014183]
[2, 100.082367]
[2, 100.150551]
[1, 100.218735]
[2, 100.355103]
[2, 100.423286]
[1, 100.491470]
[2, 100.627838]
[2, 100.696022]
[1, 100.764206]
[2, 100.832390]
[1, 100.900574]
[1, 100.968758]
[2, 101.036942]
[1, 101.105125]
[2, 101.173309]
[2, 101.241493]
[1, 101.309677]
[2, 101.377861]
[1, 101.446045]
[1, 101.514229]
[2, 101.582413]
[1, 101.650597]
[2, 101.718781]
[2, 101.786964]
[1, 101.855148]
[2, 101.923332]
[2, 102.059700]
[1, 102.127884]
[1, 102.196068]
[2, 102.264252]
[2, 102.332436]
[1, 102.400620]
[1, 102.468803]
[2, 102.536987]
[2, 102.582443]
[2, 102.627899]
[1, 102.673355]
[1, 102.741539]
[2, 102.809723]
[2, 102.946091]
[1, 103.082458]
[1, 103.150642]
[2, 103.218826]
[1, 103.287010]
[2, 103.355194]
[2, 103.423378]
[1, 103.491562]
[1, 103.559746]
[2, 103.627930]
[1, 103.696114]
[2, 103.764297]
[2, 103.832481]
[1, 103.968849]
[1, 104.037033]
[1, 104.105217]
[2, 104.173401]
[2, 104.241585]
[2, 104.309769]
[1, 104.377953]
[2, 104.446136]
[2, 104.514320]
[1, 104.582504]
[2, 104.718872]
[2, 104.787056]
[1, 104.855240]
[2, 104.991608]
[2, 105.059792]
[2, 105.127975]
[1, 105.196159]
[1, 105.264343]
[1, 105.332527]
[2, 105.400711]
[1, 105.468895]
[2, 105.537079]
[2, 105.605263]
[1, 105.673447]
[1, 105.741631]
[2, 105.809814]
[1, 105.877998]
[2, 105.946182]
[2, 106.014366]
[1, 106.082550]
[1, 106.150734]
[2, 106.218918]
[2, 106.287102]
[1, 106.355286]
[2, 106.423470]
[2, 106.491653]
[2, 106.559837]
[1, 106.628021]
[2, 106.764389]
[2, 106.832573]
[1, 106.900757]
[1, 106.968941]
[2, 107.037125]
[1, 107.105309]
[1, 107.173492]
[2, 107.241676]
[2, 107.309860]
[2, 107.378044]
[1, 107.446228]
[2, 107.514412]
[1, 107.582596]
[1, 107.650780]
[2, 107.718964]
[2, 107.787148]
[1, 107.855331]
[2, 107.923515]
[1, 107.991699]
[1, 108.059883]
[2, 108.128067]
[2, 108.196251]
[1, 108.332619]
[2, 108.400803]
[1, 108.468987]
[2, 108.537170]
[2, 108.605354]
[1, 108.673538]
[2, 108.741722]
[2, 108.809906]
[1, 108.878090]
[2, 108.946274]
[2, 109.014458]
[1, 109.082642]
[1, 109.150826]
[2, 109.219009]
[2, 109.287193]
[1, 109.355377]
[1, 109.400833]
[1, 109.446289]
[1, 109.491745]
[1, 109.537201]
[1, 109.582657]
[2, 109.628113]
[1, 109.900833]
[4, 110.037193]
[4, 110.309914]
[3, 110.582634]
[2, 111.264465]
[1, 111.400833]
[1, 111.469017]
[2, 111.537201]
[2, 111.605385]
[2, 111.673569]
[3, 111.809937]
[2, 112.082672]
[1, 112.219040]
[1, 112.287224]
[1, 112.355408]
[2, 112.628143]
[1, 112.764511]
[2, 113.173599]
[1, 113.309959]
[1, 113.446320]
[2, 113.719040]
[1, 113.991760]
[1, 114.037216]
[1, 114.082672]
[1, 114.128128]
[1, 114.196312]
[1, 114.537231]
[2, 114.809967]
[1, 114.946335]
[2, 115.355438]
[1, 115.491806]
[1, 115.628174]
[1, 115.719086]
[2, 115.809998]
[2, 115.855453]
[1, 115.900909]
[1, 115.991821]
[2, 116.082733]
[1, 116.173645]
[2, 116.446381]
[1, 116.582748]
[1, 116.650932]
[1, 116.719116]
[2, 116.991852]
[1, 117.128220]
[2, 117.537308]
[1, 117.673668]
[1, 117.810028]
[2, 118.082748]
[1, 118.355469]
[1, 118.400925]
[1, 118.446381]
[1, 118.491837]
[1, 118.560020]
[1, 118.900940]
[2, 119.173676]
[1, 119.310043]
[1, 119.582779]
[1, 119.650963]
[1, 119.719147]
[1, 119.787331]
[1, 119.855515]
[1, 119.923698]
[2, 119.991882]
[1, 120.128250]
[3, 120.537354]
[2, 121.628265]
[1, 121.764633]
[1, 121.832817]
[2, 121.901001]
[2, 122.037369]
[1, 122.173737]
[1, 122.241920]
[2, 122.310104]
[3, 122.719208]

course: 3
[3, 2.717909]
[1, 3.263364]
[2, 3.399728]
[2, 3.672455]
[2, 3.945183]
[2, 4.013364]
[1, 4.081546]
[2, 4.354274]
[2, 4.627002]
[1, 4.899730]
[1, 5.308821]
[1, 5.717911]
[2, 5.990638]
[2, 6.399729]
[2, 6.672456]
[1, 7.081546]
[1, 7.627000]
[2, 7.763364]
[2, 8.036091]
[2, 8.308819]
[2, 8.377001]
[1, 8.445183]
[2, 8.717911]
[2, 8.990639]
[1, 9.263367]
[1, 9.672459]
[1, 10.081551]
[1, 10.490643]
[2, 10.899734]
[2, 11.172462]
[2, 11.240644]
[2, 11.308826]
[1, 11.445190]
[1, 11.990646]
[2, 12.127010]
[2, 12.399738]
[2, 12.672466]
[2, 12.740648]
[1, 12.808830]
[2, 13.081558]
[2, 13.354286]
[1, 13.627014]
[1, 14.036106]
[1, 14.445198]
[2, 14.717926]
[2, 14.922472]
[2, 15.127018]
[1, 15.263382]
[2, 15.536110]
[2, 15.604292]
[2, 15.672474]
[1, 15.808838]
[1, 16.354294]
[2, 16.490658]
[2, 16.763386]
[2, 17.036114]
[2, 17.104296]
[1, 17.172478]
[2, 17.445206]
[2, 17.717934]
[1, 17.990662]
[1, 18.399754]
[1, 18.808846]
[2, 19.081573]
[2, 19.286119]
[2, 19.490665]
[1, 19.627029]
[1, 19.763393]
[2, 19.899757]
[2, 19.967939]
[2, 20.036121]
[1, 20.172485]
[1, 20.308849]
[2, 20.445213]
[1, 20.581577]
[1, 20.717941]
[2, 20.854305]
[1, 20.990669]
[1, 21.127033]
[1, 21.263397]
[1, 21.399761]
[2, 21.536125]
[1, 21.672489]
[1, 21.808853]
[2, 21.945217]
[1, 22.081581]
[1, 22.217945]
[1, 22.354309]
[1, 22.490673]
[2, 22.627037]
[1, 22.763401]
[1, 22.899765]
[2, 23.036129]
[1, 23.172493]
[1, 23.308857]
[2, 23.445221]
[1, 23.581585]
[1, 23.649767]
[1, 23.717949]
[1, 23.854313]
[2, 23.990677]
[2, 24.127041]
[2, 24.195223]
[2, 24.263405]
[2, 24.399769]
[1, 24.536133]
[1, 25.081589]
[2, 25.354317]
[1, 25.627045]
[1, 25.763409]
[2, 25.831591]
[1, 25.899773]
[2, 26.172501]
[2, 26.240683]
[2, 26.308865]
[1, 26.445229]
[1, 26.513411]
[1, 26.581593]
[1, 27.263428]
[1, 27.331612]
[2, 27.536163]
[1, 27.808899]
[1, 27.945267]
[2, 28.013451]
[1, 28.081635]
[1, 28.218002]
[2, 28.354370]
[2, 28.445282]
[2, 28.536194]
[2, 28.627106]
[2, 28.718018]
[2, 28.808929]
[1, 28.899841]
[1, 29.445297]
[2, 29.718025]
[1, 29.990753]
[1, 30.127117]
[2, 30.195299]
[1, 30.263481]
[2, 30.536209]
[2, 30.604391]
[2, 30.672573]
[1, 30.808937]
[1, 30.877119]
[1, 30.945301]
[2, 31.081665]
[2, 31.490757]
[2, 31.899849]
[2, 32.308937]
[1, 32.718018]
[2, 32.854378]
[2, 32.922558]
[2, 32.990738]
[2, 33.127098]
[1, 33.263458]
[1, 33.808914]
[2, 34.081642]
[1, 34.354370]
[1, 34.490730]
[2, 34.558910]
[1, 34.627090]
[2, 34.899811]
[2, 34.967991]
[2, 35.036171]
[1, 35.172531]
[1, 35.240711]
[1, 35.308891]
[1, 35.990723]
[1, 36.058907]
[2, 36.263458]
[1, 36.536194]
[1, 36.672562]
[2, 36.740746]
[1, 36.808929]
[1, 36.945297]
[2, 37.081665]
[2, 37.172577]
[2, 37.263489]
[2, 37.354401]
[2, 37.445313]
[2, 37.536224]
[1, 37.627136]
[1, 38.172592]
[2, 38.445320]
[1, 38.718048]
[1, 38.854408]
[2, 38.922588]
[1, 38.990768]
[2, 39.263489]
[2, 39.331669]
[2, 39.399849]
[1, 39.536209]
[3, 40.899872]
[3, 41.172600]
[3, 41.990784]
[2, 42.195324]
[1, 42.263504]
[2, 42.399864]
[1, 42.536224]
[1, 42.672585]
[2, 42.740765]
[1, 42.808945]
[2, 42.945305]
[1, 43.081665]
[1, 43.149845]
[1, 43.218025]
[1, 43.286205]
[1, 43.354385]
[2, 43.490746]
[2, 43.558926]
[1, 43.627106]
[1, 43.695286]
[1, 43.763466]
[2, 43.899826]
[2, 44.036186]
[1, 44.172546]
[2, 44.377087]
[1, 44.445267]
[2, 44.581627]
[1, 44.717987]
[1, 44.854347]
[2, 44.922527]
[1, 44.990707]
[2, 45.127068]
[1, 45.263428]
[1, 45.331608]
[1, 45.399788]
[1, 45.467968]
[1, 45.536148]
[2, 45.672508]
[2, 45.740688]
[1, 45.808868]
[1, 45.877048]
[2, 46.081589]
[1, 46.354309]
[2, 46.558849]
[1, 46.627029]
[2, 46.763390]
[1, 46.899750]
[1, 47.036110]
[2, 47.104290]
[1, 47.172470]
[2, 47.308830]
[1, 47.445190]
[1, 47.513371]
[1, 47.581551]
[1, 47.649731]
[1, 47.717911]
[2, 47.854271]
[2, 47.922451]
[1, 47.990631]
[1, 48.058811]
[1, 48.126991]
[2, 48.263351]
[2, 48.399712]
[1, 48.536072]
[2, 48.740612]
[1, 48.808792]
[2, 48.945152]
[1, 49.081512]
[1, 49.217873]
[2, 49.286053]
[1, 49.354233]
[2, 49.490593]
[1, 49.626953]
[1, 49.831493]
[2, 49.899673]
[2, 50.036034]
[1, 50.172394]
[1, 50.308754]
[1, 50.376934]
[2, 50.445114]
[2, 50.581474]
[3, 50.717834]
[2, 50.922375]
[1, 50.990555]
[2, 51.126915]
[1, 51.263275]
[1, 51.399635]
[2, 51.467815]
[1, 51.535995]
[2, 51.672356]
[1, 51.808716]
[1, 51.876896]
[1, 51.945076]
[1, 52.013256]
[1, 52.081436]
[2, 52.217796]
[2, 52.285976]
[1, 52.354156]
[1, 52.422337]
[1, 52.490517]
[2, 52.626877]
[2, 52.763237]
[1, 52.899597]
[2, 53.104137]
[1, 53.172318]
[2, 53.308678]
[1, 53.445038]
[1, 53.581398]
[2, 53.649578]
[1, 53.717758]
[2, 53.854118]
[1, 53.990479]
[1, 54.058659]
[1, 54.126839]
[1, 54.195019]
[1, 54.263199]
[2, 54.399559]
[2, 54.467739]
[1, 54.535919]
[1, 54.604099]
[2, 54.808640]
[1, 55.081360]
[2, 55.285900]
[1, 55.354080]
[2, 55.490440]
[1, 55.626801]
[1, 55.694981]
[2, 55.831341]
[1, 55.899521]
[2, 56.035881]
[1, 56.172241]
[2, 56.376781]
[1, 56.444962]
[2, 56.581322]
[1, 56.717682]
[1, 56.785862]
[2, 56.922222]
[1, 56.990402]
[1, 57.058582]
[2, 57.126762]
[1, 57.263123]
[1, 57.399483]
[2, 57.467663]
[1, 57.535843]
[2, 57.672203]
[1, 57.808563]
[1, 57.876743]
[1, 57.944923]
[1, 58.013103]
[2, 58.081284]
[2, 58.149464]
[2, 58.217644]
[2, 58.285824]
[1, 59.444912]
[1, 63.808544]
[1, 68.172188]
[2, 68.444908]
[1, 68.581268]
[1, 68.717628]
[1, 68.853989]
[2, 68.990349]
[1, 69.126709]
[1, 69.263069]
[1, 69.399429]
[2, 69.535789]
[1, 69.672150]
[1, 69.808510]
[1, 69.944870]
[2, 70.081230]
[1, 70.217590]
[1, 70.353951]
[1, 70.490311]
[2, 70.626671]
[1, 70.763031]
[1, 70.899391]
[1, 71.035751]
[2, 71.172112]
[1, 71.308472]
[1, 71.444832]
[1, 71.581192]
[2, 71.717552]
[1, 71.853912]
[1, 71.990273]
[1, 72.126633]
[2, 72.262993]
[1, 72.399353]
[2, 72.535713]
[1, 72.672073]
[2, 72.808434]
[1, 72.944794]
[2, 73.081154]
[1, 73.217514]
[2, 73.353874]
[1, 73.490234]
[2, 73.626595]
[1, 73.762955]
[2, 73.899315]
[1, 74.035675]
[2, 74.172035]
[1, 74.308395]
[2, 74.444756]
[1, 74.581116]
[2, 74.717476]
[1, 74.853844]
[1, 74.922028]
[2, 74.990211]
[1, 75.126579]
[2, 75.262947]
[1, 75.399315]
[1, 75.467499]
[2, 75.535683]
[1, 75.672050]
[2, 76.626579]
[2, 76.762939]
[2, 76.899300]
[2, 77.444756]
[2, 77.990211]
[2, 78.535667]
[2, 78.808395]
[2, 79.081123]
[2, 79.353844]
[2, 79.490204]
[2, 79.762924]
[2, 80.035645]
[1, 80.990166]
[1, 81.126526]
[1, 81.262886]
[1, 81.331070]
[1, 81.399254]
[1, 81.535622]
[1, 81.671989]
[2, 81.808357]
[1, 82.081093]
[2, 82.217461]
[1, 82.353828]
[1, 82.422012]
[1, 82.490196]
[1, 82.626564]
[1, 82.762932]
[2, 82.899300]
[1, 83.172035]
[2, 83.308403]
[1, 83.444771]
[2, 83.717491]
[2, 83.853851]
[2, 84.126572]
[1, 85.353859]
[1, 85.490227]
[1, 85.626595]
[1, 85.694778]
[1, 85.762962]
[1, 85.899330]
[1, 86.035698]
[2, 86.172066]
[1, 86.444801]
[2, 86.581169]
[1, 86.717537]
[1, 86.785721]
[1, 86.853905]
[1, 86.990273]
[1, 87.126640]
[2, 87.263008]
[1, 87.535744]
[2, 87.672112]
[1, 87.808479]
[1, 88.081200]
[2, 88.217560]
[2, 88.490280]
[1, 89.717567]
[1, 89.853935]
[1, 89.990303]
[1, 90.058487]
[1, 90.126671]
[1, 90.263039]
[1, 90.399406]
[2, 90.535774]
[1, 90.672142]
[1, 90.740326]
[1, 90.808510]
[1, 90.944878]
[1, 91.081245]
[1, 91.149429]
[1, 91.217613]
[1, 91.353981]
[1, 91.490349]
[2, 91.626717]
[1, 91.763084]
[1, 91.831268]
[2, 91.899452]
[3, 92.172188]
[4, 92.444908]
[4, 92.581268]
[3, 92.853989]
[2, 94.081276]
[2, 94.149460]
[2, 94.217644]
[2, 94.285828]
[1, 94.354012]
[2, 94.490379]
[2, 94.558563]
[1, 94.626747]
[2, 94.763115]
[1, 94.899483]
[1, 94.967667]
[2, 95.035851]
[1, 95.172218]
[2, 95.308586]
[1, 95.444954]
[1, 95.513138]
[2, 95.581322]
[2, 95.649506]
[1, 95.717690]
[2, 95.854057]
[1, 95.990425]
[1, 96.058609]
[1, 96.126793]
[1, 96.194977]
[2, 96.263161]
[2, 96.399529]
[1, 96.535896]
[2, 96.672264]
[2, 96.740448]
[1, 96.808632]
[2, 96.945000]
[1, 97.081367]
[1, 97.149551]
[2, 97.217735]
[1, 97.354103]
[2, 97.490471]
[1, 97.626839]
[2, 97.695023]
[2, 97.763206]
[2, 97.831390]
[1, 97.899574]
[2, 98.035942]
[1, 98.172310]
[1, 98.240494]
[1, 98.308678]
[1, 98.376862]
[2, 98.445045]
[2, 98.513229]
[2, 98.581413]
[2, 98.649597]
[1, 98.717781]
[2, 98.854149]
[2, 98.922333]
[1, 98.990517]
[2, 99.126884]
[1, 99.263252]
[1, 99.331436]
[2, 99.399620]
[1, 99.535988]
[2, 99.672356]
[1, 99.808723]
[1, 99.876907]
[2, 99.945091]
[2, 100.013275]
[1, 100.081459]
[2, 100.217827]
[1, 100.354195]
[1, 100.422379]
[1, 100.490562]
[1, 100.558746]
[2, 100.626930]
[2, 100.763298]
[1, 100.899666]
[2, 101.036034]
[2, 101.104218]
[1, 101.172401]
[2, 101.308769]
[1, 101.445137]
[1, 101.513321]
[2, 101.581505]
[1, 101.717873]
[2, 101.854240]
[2, 101.990608]
[2, 102.058792]
[2, 102.126976]
[2, 102.195160]
[1, 102.263344]
[1, 102.331528]
[1, 102.399712]
[1, 102.467896]
[2, 102.536079]
[2, 102.740631]
[2, 102.808815]
[2, 102.945183]
[1, 103.081551]
[2, 103.217918]
[2, 103.286102]
[1, 103.354286]
[2, 103.490654]
[1, 103.627022]
[1, 103.695206]
[2, 103.763390]
[1, 103.899757]
[2, 104.036125]
[1, 104.172493]
[1, 104.240677]
[2, 104.308861]
[2, 104.377045]
[1, 104.445229]
[2, 104.581596]
[1, 104.717964]
[1, 104.786148]
[1, 104.854332]
[1, 104.922516]
[2, 104.990700]
[2, 105.127068]
[1, 105.263435]
[2, 105.399803]
[2, 105.467987]
[1, 105.536171]
[2, 105.672539]
[1, 105.808907]
[1, 105.877090]
[2, 105.945274]
[1, 106.081642]
[2, 106.218010]
[1, 106.354378]
[2, 106.422562]
[2, 106.490746]
[2, 106.558929]
[1, 106.627113]
[2, 106.763481]
[1, 106.899849]
[1, 106.968033]
[1, 107.036217]
[1, 107.104401]
[2, 107.172585]
[2, 107.240768]
[2, 107.308952]
[2, 107.377136]
[1, 107.445320]
[1, 107.581688]
[2, 107.649872]
[1, 107.718056]
[2, 107.854424]
[1, 107.990791]
[2, 108.058975]
[1, 108.127159]
[1, 108.263527]
[2, 108.399895]
[1, 108.536263]
[2, 108.604446]
[1, 108.672630]
[2, 108.740814]
[1, 108.808998]
[2, 108.945366]
[1, 109.081734]
[2, 109.149918]
[1, 109.218102]
[2, 109.286285]
[1, 109.354469]
[2, 109.422653]
[2, 109.490837]
[2, 109.559021]
[1, 109.627205]
[4, 109.899925]
[4, 110.036285]
[3, 110.309006]
[3, 111.808998]
[1, 112.354454]
[2, 112.627182]
[1, 112.899910]
[1, 113.036278]
[2, 113.104462]
[1, 113.172646]
[2, 113.445381]
[2, 113.513565]
[2, 113.581749]
[1, 113.718117]
[1, 113.786301]
[1, 113.854485]
[1, 114.536324]
[1, 114.604507]
[2, 114.809059]
[1, 115.081795]
[1, 115.218163]
[2, 115.286346]
[1, 115.354530]
[1, 115.490898]
[2, 115.627266]
[2, 115.718178]
[2, 115.809090]
[2, 115.900002]
[2, 115.990913]
[2, 116.081825]
[1, 116.172737]
[1, 116.718193]
[2, 116.990921]
[1, 117.263649]
[1, 117.400017]
[2, 117.468201]
[1, 117.536385]
[2, 117.809120]
[2, 117.877304]
[2, 117.945488]
[1, 118.081856]
[1, 118.150040]
[1, 118.218224]
[1, 118.900063]
[1, 118.968246]
[2, 119.172798]
[1, 119.445534]
[1, 119.581902]
[2, 119.650085]
[1, 119.718269]
[4, 119.991005]
[3, 120.536476]
[1, 121.081917]
[2, 121.218277]
[2, 121.490997]
[2, 121.763725]
[2, 121.831909]
[1, 121.900093]
[2, 122.172829]
[2, 122.445564]
[3, 122.718300]

course: 2
[1, 2.717909]
[2, 3.263364]
[2, 3.399728]
[2, 3.672455]
[2, 4.081546]
[2, 4.354274]
[2, 4.627001]
[1, 4.899729]
[1, 5.308819]
[1, 5.717910]
[1, 7.081546]
[2, 7.627000]
[2, 7.763363]
[2, 8.036091]
[2, 8.445182]
[2, 8.717909]
[2, 8.990636]
[1, 9.263363]
[1, 9.672455]
[1, 10.081547]
[1, 10.490639]
[2, 10.899731]
[2, 11.172459]
[1, 11.445187]
[2, 11.990643]
[2, 12.127007]
[2, 12.399734]
[2, 12.808825]
[2, 13.081553]
[2, 13.354280]
[1, 13.627007]
[1, 14.036098]
[1, 14.445190]
[1, 15.808827]
[2, 16.354282]
[2, 16.490646]
[2, 16.763374]
[2, 17.172466]
[2, 17.445194]
[2, 17.717922]
[1, 17.990650]
[1, 18.399742]
[1, 18.808834]
[1, 19.217926]
[2, 19.627018]
[2, 19.763382]
[1, 20.036110]
[1, 20.172474]
[2, 20.445202]
[2, 20.854294]
[1, 21.263386]
[2, 21.536114]
[2, 21.945206]
[1, 24.536150]
[1, 25.081606]
[2, 25.354334]
[1, 25.627062]
[2, 26.172516]
[1, 26.717970]
[1, 27.263426]
[2, 27.536154]
[1, 27.808882]
[2, 28.354338]
[2, 28.627066]
[1, 28.899794]
[1, 29.445250]
[2, 29.717978]
[1, 29.990705]
[2, 30.536160]
[1, 33.263435]
[1, 33.808891]
[2, 34.081619]
[1, 34.354347]
[2, 34.899803]
[1, 35.445259]
[1, 35.990715]
[2, 36.263443]
[1, 36.536171]
[2, 37.081627]
[2, 37.354355]
[1, 37.627083]
[1, 38.172539]
[2, 38.445267]
[1, 38.717995]
[2, 39.263451]
[1, 41.990757]
[1, 42.263485]
[1, 42.536213]
[2, 42.672577]
[1, 42.808941]
[2, 42.945305]
[1, 44.172581]
[1, 44.445309]
[1, 44.718037]
[1, 44.854401]
[2, 44.990765]
[2, 45.127129]
[1, 46.354435]
[1, 46.627163]
[1, 46.899891]
[2, 47.036255]
[1, 47.172619]
[2, 47.308983]
[1, 48.536259]
[1, 48.808987]
[1, 49.081715]
[1, 49.218079]
[2, 49.354443]
[2, 49.490807]
[1, 49.627171]
[1, 50.172626]
[4, 50.445354]
[1, 50.718082]
[1, 50.990810]
[1, 51.263538]
[2, 51.399902]
[1, 51.536266]
[2, 51.672630]
[1, 52.899906]
[1, 53.172634]
[1, 53.445362]
[1, 53.581726]
[2, 53.718090]
[2, 53.854454]
[1, 55.081760]
[1, 55.354488]
[1, 55.627216]
[2, 55.763580]
[1, 55.899944]
[2, 56.036308]
[1, 56.172672]
[1, 56.445400]
[1, 56.718128]
[1, 56.854492]
[2, 56.990856]
[2, 57.127220]
[1, 59.445435]
[1, 63.809067]
[1, 68.172714]
[1, 68.445442]
[1, 68.718170]
[1, 68.990898]
[1, 69.263626]
[1, 69.536354]
[1, 69.809082]
[1, 70.081810]
[1, 70.354538]
[1, 70.627266]
[1, 70.899994]
[1, 71.172722]
[1, 71.445450]
[1, 71.718178]
[1, 71.990906]
[1, 72.263634]
[1, 72.536362]
[1, 72.672722]
[1, 72.809082]
[1, 73.081802]
[1, 73.218163]
[1, 73.354523]
[1, 73.627243]
[1, 73.763603]
[1, 73.899963]
[1, 74.172684]
[1, 74.309044]
[1, 74.445404]
[1, 74.718124]
[1, 74.854485]
[1, 74.990845]
[1, 75.127205]
[1, 75.263565]
[1, 75.399925]
[1, 75.536285]
[1, 75.672646]
[2, 76.899918]
[2, 77.445374]
[2, 77.990829]
[2, 78.536285]
[2, 78.809013]
[2, 79.081741]
[2, 79.354462]
[2, 79.490822]
[2, 79.763542]
[2, 80.036263]
[1, 80.990784]
[1, 81.127144]
[1, 81.263504]
[1, 81.536232]
[2, 81.808960]
[1, 82.354416]
[1, 82.627144]
[2, 82.899872]
[1, 83.445328]
[1, 83.718048]
[2, 83.854408]
[2, 84.127129]
[1, 85.627151]
[1, 85.899872]
[1, 86.036232]
[2, 86.172592]
[1, 86.445313]
[1, 86.718033]
[1, 86.990753]
[1, 87.127113]
[2, 87.263474]
[1, 87.536194]
[1, 87.808914]
[1, 88.081635]
[2, 88.217995]
[2, 88.490715]
[1, 89.990738]
[1, 90.127098]
[1, 90.263458]
[1, 90.399818]
[1, 90.536179]
[1, 90.672539]
[1, 90.808899]
[1, 90.945259]
[1, 91.081619]
[1, 91.217979]
[1, 91.354340]
[1, 91.490700]
[1, 91.627060]
[1, 91.763420]
[2, 91.899780]
[3, 92.172501]
[3, 92.445221]
[4, 92.581581]
[4, 92.854301]
[1, 94.354324]
[1, 94.627045]
[1, 94.899765]
[2, 95.036125]
[1, 95.172485]
[2, 95.308846]
[1, 95.445206]
[2, 95.717926]
[2, 95.854286]
[1, 95.990646]
[2, 96.127007]
[2, 96.263367]
[1, 96.536087]
[1, 96.808807]
[1, 97.081528]
[2, 97.217888]
[1, 97.354248]
[2, 97.490608]
[1, 97.626968]
[2, 97.899689]
[2, 98.036049]
[1, 98.172409]
[2, 98.308769]
[1, 98.445129]
[1, 98.717850]
[1, 98.990570]
[1, 99.263290]
[2, 99.399651]
[1, 99.536011]
[2, 99.672371]
[1, 99.808731]
[2, 100.081451]
[2, 100.217812]
[1, 100.354172]
[2, 100.490532]
[2, 100.626892]
[1, 100.899612]
[1, 101.172333]
[1, 101.445053]
[2, 101.581413]
[1, 101.717773]
[2, 101.854134]
[1, 103.081436]
[1, 103.354156]
[1, 103.490517]
[1, 103.626877]
[2, 103.763237]
[1, 103.899597]
[2, 104.035957]
[1, 104.172318]
[2, 104.445038]
[2, 104.581398]
[1, 104.717758]
[2, 104.854118]
[2, 104.990479]
[1, 105.263199]
[1, 105.535919]
[1, 105.672279]
[1, 105.808640]
[2, 105.945000]
[1, 106.081360]
[2, 106.217720]
[1, 106.354080]
[2, 106.626801]
[2, 106.763161]
[1, 106.899521]
[2, 107.035881]
[1, 107.172241]
[1, 107.444962]
[1, 107.581322]
[2, 107.717682]
[1, 107.854042]
[1, 107.990402]
[2, 108.126762]
[1, 108.263123]
[1, 108.399483]
[2, 108.535843]
[1, 108.672203]
[2, 108.808563]
[1, 108.944923]
[2, 109.081284]
[1, 109.217644]
[2, 109.354004]
[3, 109.626724]
[3, 109.899445]
[4, 110.035805]
[4, 110.308525]
[1, 111.808487]
[1, 112.353943]
[2, 112.626671]
[1, 112.899399]
[2, 113.444855]
[1, 113.990311]
[1, 114.535767]
[2, 114.808495]
[1, 115.081223]
[2, 115.626678]
[2, 115.899406]
[1, 116.172134]
[1, 116.717590]
[2, 116.990318]
[1, 117.263046]
[2, 117.808502]
[1, 118.353958]
[1, 118.899414]
[2, 119.172142]
[1, 119.444870]
[4, 119.990326]
[3, 120.535782]
[2, 121.081223]
[2, 121.217583]
[2, 121.490303]
[2, 121.899391]
[2, 122.172119]
[2, 122.444847]
[3, 122.717575]

course: 1
[1, 2.717909]
[2, 4.354273]
[1, 4.899727]
[1, 5.308818]
[1, 5.717908]
[1, 7.081544]
[2, 8.717909]
[1, 9.263364]
[1, 9.672456]
[1, 10.081548]
[1, 10.490640]
[2, 10.899732]
[1, 11.445188]
[2, 11.990643]
[2, 13.081553]
[1, 13.627007]
[1, 14.036099]
[1, 14.445191]
[1, 15.808828]
[2, 16.354282]
[2, 17.445190]
[1, 17.990644]
[1, 18.399736]
[1, 18.808828]
[1, 19.217920]
[2, 19.627012]
[1, 20.172468]
[2, 20.445196]
[2, 20.854288]
[1, 21.263380]
[2, 21.536108]
[2, 21.945200]
[1, 24.536144]
[2, 25.354328]
[1, 25.627056]
[2, 26.172510]
[1, 26.717964]
[2, 27.536148]
[1, 27.808876]
[2, 28.354330]
[1, 28.899784]
[2, 29.717968]
[1, 29.990696]
[2, 30.536150]
[1, 33.263424]
[2, 34.081608]
[1, 34.354336]
[2, 34.899792]
[1, 35.445248]
[2, 36.263432]
[1, 36.536160]
[2, 37.081615]
[1, 37.627071]
[2, 38.445255]
[1, 38.717983]
[2, 39.263439]
[1, 41.990746]
[1, 42.263474]
[1, 42.536201]
[1, 42.672565]
[1, 42.808929]
[1, 44.172569]
[1, 44.445297]
[1, 44.718025]
[1, 44.854389]
[1, 44.990753]
[1, 46.354424]
[1, 46.627151]
[1, 46.899879]
[1, 47.036243]
[1, 47.172607]
[1, 48.536247]
[1, 48.808975]
[1, 49.081703]
[1, 49.218067]
[1, 49.354431]
[1, 49.627159]
[1, 50.172615]
[2, 50.445343]
[1, 50.718071]
[1, 50.990799]
[1, 51.263527]
[1, 51.399891]
[1, 51.536255]
[1, 52.899895]
[1, 53.172623]
[1, 53.445351]
[1, 53.581715]
[1, 53.718079]
[1, 55.081749]
[1, 55.354477]
[1, 55.627205]
[1, 55.763569]
[1, 55.899933]
[1, 56.172661]
[1, 56.445389]
[1, 56.718117]
[1, 56.854481]
[1, 56.990845]
[1, 59.445423]
[1, 63.809055]
[1, 68.172699]
[1, 68.445427]
[1, 68.718155]
[1, 69.263611]
[1, 69.536339]
[1, 69.809067]
[1, 70.354523]
[1, 70.627251]
[1, 70.899979]
[1, 71.445435]
[1, 71.718163]
[1, 71.990891]
[1, 72.536346]
[1, 72.809074]
[1, 73.081802]
[1, 73.354530]
[1, 73.627258]
[1, 73.899986]
[1, 74.172714]
[1, 74.445442]
[2, 76.900024]
[2, 77.990936]
[2, 79.081848]
[1, 81.263672]
[2, 81.809128]
[1, 82.354584]
[2, 82.900040]
[1, 83.445496]
[2, 83.718216]
[2, 83.854576]
[2, 84.127296]
[1, 85.627319]
[2, 86.172775]
[1, 86.718231]
[2, 87.263687]
[1, 87.809143]
[2, 88.081863]
[2, 88.218224]
[2, 88.490944]
[1, 89.990967]
[1, 90.263695]
[1, 90.536423]
[1, 90.809151]
[1, 91.081879]
[1, 91.354607]
[1, 91.627335]
[2, 91.900063]
[3, 92.172791]
[4, 92.445511]
[4, 92.581871]
[4, 92.854591]
[1, 94.354614]
[1, 94.627335]
[1, 94.900055]
[1, 95.036415]
[1, 95.172775]
[2, 95.445496]
[2, 95.718216]
[2, 95.854576]
[2, 95.990936]
[2, 96.263657]
[1, 96.536377]
[1, 96.809097]
[1, 97.081818]
[1, 97.218178]
[1, 97.354538]
[2, 97.627258]
[2, 97.763618]
[2, 97.899979]
[2, 98.172699]
[1, 98.718140]
[1, 98.990860]
[1, 99.263580]
[1, 99.399940]
[1, 99.536301]
[2, 99.809021]
[2, 100.081741]
[2, 100.218102]
[2, 100.354462]
[2, 100.627182]
[1, 100.899902]
[1, 101.172623]
[1, 101.445343]
[1, 101.581703]
[1, 101.718063]
[1, 103.081726]
[1, 103.354446]
[1, 103.627167]
[1, 103.763527]
[1, 103.899887]
[2, 104.172607]
[2, 104.445328]
[2, 104.581688]
[2, 104.718048]
[2, 104.990768]
[1, 105.263489]
[1, 105.536209]
[1, 105.808929]
[1, 105.945290]
[1, 106.081650]
[2, 106.354370]
[2, 106.490730]
[2, 106.627090]
[2, 106.899811]
[1, 107.445251]
[1, 107.581612]
[1, 107.717972]
[1, 107.990692]
[1, 108.127052]
[1, 108.263412]
[1, 108.536133]
[1, 108.672493]
[1, 108.808853]
[2, 109.081573]
[2, 109.217934]
[2, 109.354294]
[3, 109.627014]
[4, 109.899734]
[4, 110.036095]
[4, 110.308815]
[1, 111.808777]
[2, 112.626961]
[1, 112.899689]
[2, 113.445145]
[1, 113.990601]
[2, 114.808784]
[1, 115.081512]
[2, 115.626968]
[1, 116.172424]
[2, 116.990608]
[1, 117.263336]
[2, 117.808792]
[1, 118.354248]
[2, 119.172432]
[1, 119.445160]
[4, 119.990616]
[3, 120.536072]
[2, 121.899712]
[2, 122.172440]
[2, 122.445168]
[3, 122.717896]

course: 0
[1, 2.717909]
[1, 4.354273]
[1, 4.899727]
[1, 7.081545]
[1, 8.717910]
[1, 9.263365]
[2, 10.899729]
[1, 11.445184]
[1, 11.990639]
[1, 13.081549]
[1, 13.627004]
[1, 15.808822]
[1, 16.354277]
[1, 17.445185]
[1, 17.990639]
[2, 19.627003]
[1, 20.172457]
[1, 21.263367]
[1, 24.536129]
[1, 25.354313]
[1, 25.627041]
[2, 26.172495]
[1, 26.717949]
[1, 27.536133]
[1, 27.808861]
[2, 28.354315]
[1, 28.899769]
[1, 29.717953]
[1, 29.990681]
[2, 30.536135]
[1, 33.263409]
[1, 34.081593]
[1, 34.354321]
[2, 34.899776]
[1, 35.445232]
[1, 36.263416]
[1, 36.536144]
[2, 37.081600]
[1, 37.627056]
[1, 38.445240]
[1, 38.717968]
[2, 39.263424]
[1, 41.990730]
[1, 42.263458]
[1, 42.536186]
[1, 42.808914]
[1, 44.172554]
[1, 44.445282]
[1, 44.718010]
[1, 44.990738]
[1, 46.354408]
[1, 46.627136]
[1, 46.899864]
[1, 47.172592]
[1, 48.536232]
[1, 48.808960]
[1, 49.081688]
[1, 49.354416]
[1, 49.627144]
[1, 50.718052]
[1, 50.990780]
[1, 51.263508]
[1, 51.536236]
[1, 52.899876]
[1, 53.172604]
[1, 53.445332]
[1, 53.718060]
[1, 55.081730]
[1, 55.354458]
[1, 55.627186]
[1, 55.899914]
[1, 56.172642]
[1, 56.445370]
[1, 56.718098]
[1, 56.990826]
[1, 59.445404]
[1, 63.809036]
[1, 68.172684]
[1, 68.718140]
[1, 69.263596]
[1, 69.809052]
[1, 70.354507]
[1, 70.899963]
[1, 71.445419]
[1, 71.990875]
[1, 72.536331]
[1, 72.809059]
[1, 73.081787]
[1, 73.627243]
[1, 73.899971]
[1, 74.172699]
[2, 76.900009]
[2, 77.990921]
[2, 79.081833]
[1, 81.263657]
[1, 81.809113]
[1, 82.354568]
[1, 82.900024]
[1, 83.445480]
[1, 83.718201]
[1, 83.854561]
[1, 84.127281]
[1, 85.627304]
[1, 86.172760]
[1, 86.718216]
[1, 87.263672]
[1, 87.809128]
[1, 88.081848]
[1, 88.218208]
[1, 88.490929]
[1, 89.990952]
[1, 90.263680]
[1, 90.536407]
[1, 90.809135]
[1, 91.081863]
[1, 91.354591]
[1, 91.627319]
[3, 92.172775]
[3, 92.445496]
[3, 92.581856]
[3, 92.854576]
[1, 94.354599]
[1, 94.627327]
[1, 94.900055]
[1, 95.172783]
[1, 95.445511]
[1, 95.718231]
[1, 95.854591]
[1, 95.990952]
[1, 96.536392]
[1, 96.809120]
[1, 97.081848]
[1, 97.354576]
[1, 97.627304]
[1, 97.763664]
[1, 97.900024]
[1, 98.172745]
[1, 98.718185]
[1, 98.990913]
[1, 99.263641]
[1, 99.536369]
[1, 99.809097]
[1, 100.081818]
[1, 100.218178]
[1, 100.354538]
[1, 100.899979]
[1, 101.172707]
[1, 101.445435]
[1, 101.718163]
[2, 101.990891]
[1, 103.081802]
[1, 103.354530]
[1, 103.627258]
[1, 103.899986]
[1, 104.172714]
[1, 104.445435]
[1, 104.581795]
[1, 104.718155]
[1, 105.263596]
[1, 105.536324]
[1, 105.809052]
[1, 106.081779]
[1, 106.354507]
[1, 106.490868]
[1, 106.627228]
[1, 106.899948]
[1, 107.445389]
[1, 107.718117]
[1, 107.990845]
[1, 108.263573]
[1, 108.536301]
[1, 108.809021]
[1, 108.945381]
[1, 109.081741]
[3, 109.627182]
[3, 109.899902]
[3, 110.036263]
[3, 110.308983]
[1, 111.808945]
[1, 112.627129]
[1, 112.899857]
[2, 113.445313]
[1, 113.990768]
[1, 114.808952]
[1, 115.081680]
[2, 115.627136]
[1, 116.172592]
[1, 116.990776]
[1, 117.263504]
[2, 117.808960]
[1, 118.354416]
[1, 119.172600]
[1, 119.445328]
[4, 119.990784]
[3, 120.536240]
[1, 121.899879]
[1, 122.172607]
[1, 122.445335]
[3, 122.718063]

