9 5
25 1 1 1 1
1 1 1 1 1
15 1 1 1 1
99 1 1 1 1
56 1 1 1 1

18 1 1 1 1
39 1 1 1 1
38 1 1 1 1
41 1 1 1 1
99 1 1 1 1

44 1 1 1 1
44 1 1 1 1
89 1 1 1 1
85 1 1 1 1
78 1 1 1 1

34 1 1 1 1
60 1 1 1 1
61 1 1 1 1
2 1 1 1 1
76 1 1 1 1

37 1 1 1 1
84 1 1 1 1
59 1 1 1 1
90 1 1 1 1
59 1 1 1 1

77 1 1 1 1
6 1 1 1 1
96 1 1 1 1
83 1 1 1 1
44 1 1 1 1

28 1 1 1 1
79 1 1 1 1
56 1 1 1 1
76 1 1 1 1
71 1 1 1 1

34 1 1 1 1
21 1 1 1 1
12 1 1 1 1
75 1 1 1 1
76 1 1 1 1

82 1 1 1 1
64 1 1 1 1
96 1 1 1 1
16 1 1 1 1
96 1 1 1 1


